date,value
2007-06-17,13.43
2007-06-18,13.42
2007-06-19,13.41
2007-06-20,13.38
2007-06-21,13.38
2007-06-22,13.38
2007-06-23,13.38
2007-08-21,13.13
2007-08-22,13.14
2007-08-23,13.17
2007-08-24,13.19
2007-08-25,13.19
2007-08-26,13.2
2007-08-27,13.21
2007-08-28,13.21
2007-08-29,13.21
2007-08-30,13.2
2007-08-31,13.19
2007-09-01,13.19
2007-09-02,13.2
2007-09-03,13.2
2007-09-04,13.2
2007-09-05,13.2
2007-09-06,13.2
2007-09-07,13.2
2007-09-08,13.2
2007-09-09,13.2
2007-09-10,13.2
2007-09-11,13.2
2007-12-19,13.3
2007-12-20,13.3
2007-12-21,13.31
2007-12-22,13.3
2007-12-23,13.29
2007-12-24,13.28
2007-12-25,13.29
2007-12-26,13.28
2007-12-27,13.27
2007-12-28,13.28
2007-12-29,13.28
2007-12-30,13.27
2007-12-31,13.28
2008-01-01,13.29
2008-01-02,13.31
2008-01-03,13.33
2008-01-04,13.31
2008-01-05,13.28
2008-01-06,13.29
2008-01-07,13.3
2008-01-08,13.32
2008-01-09,13.31
2008-01-10,13.32
2008-01-11,13.35
2008-01-12,13.34
2008-01-13,13.36
2008-01-14,13.36
2008-01-15,13.36
2008-01-16,13.37
2008-01-17,13.36
2008-01-18,13.36
2008-01-19,13.36
2008-01-20,13.37
2008-01-21,13.38
2008-01-22,13.37
2008-01-23,13.38
2008-01-24,13.39
2008-01-25,13.37
2008-01-26,13.38
2008-01-27,13.37
2008-01-28,13.38
2008-01-29,13.39
2008-01-30,13.38
2008-01-31,13.4
2008-03-19,13.35
2008-03-20,13.33
2008-03-21,13.37
2008-03-22,13.38
2008-03-23,13.37
2008-03-24,13.37
2008-03-25,13.35
2008-03-26,13.38
2008-03-27,13.4
2008-03-28,13.39
2008-03-29,13.38
2008-03-30,13.39
2008-03-31,13.38
2008-04-01,13.38
2008-04-02,13.38
2008-04-03,13.38
2008-04-04,13.38
2008-04-05,13.39
2008-04-06,13.39
2008-04-07,13.39
2008-04-08,13.39
2008-04-09,13.39
2008-04-10,13.39
2008-04-11,13.39
2008-05-07,13.35
2008-05-08,13.34
2008-05-09,13.35
2008-05-10,13.34
2008-05-11,13.33
2008-05-12,13.32
2008-05-13,13.32
2008-05-14,13.35
2008-05-15,13.36
2008-05-16,13.37
2008-05-17,13.38
2008-05-18,13.38
2008-05-19,13.38
2008-05-20,13.38
2008-05-21,13.39
2008-05-22,13.37
2008-05-23,13.35
2008-05-24,13.38
2008-05-25,13.39
2008-05-26,13.4
2008-05-27,13.42
2008-05-28,13.43
2008-05-29,13.43
2008-05-30,13.43
2008-06-26,13.33
2008-06-27,13.32
2008-06-28,13.32
2008-06-29,13.32
2008-06-30,13.31
2008-07-01,13.31
2008-07-02,13.31
2008-07-03,13.31
2008-07-04,13.3
2008-07-05,13.3
2008-07-06,13.28
2008-07-07,13.28
2008-07-08,13.27
2008-07-09,13.26
2008-07-10,13.25
2008-07-11,13.23
2008-07-12,13.22
2008-07-13,13.21
2008-07-14,13.2
2008-07-15,13.19
2008-07-16,13.17
2008-07-17,13.17
2008-07-18,13.16
2008-07-19,13.16
2008-07-20,13.15
2008-07-21,13.13
2008-07-22,13.12
2008-07-23,13.13
2008-07-24,13.12
2008-07-25,13.12
2008-07-26,13.12
2008-07-27,13.12
2008-07-28,13.12
2008-07-29,13.12
2008-07-30,13.12
2008-07-31,13.1
2008-08-01,13.08
2008-08-02,13.08
2008-08-03,13.08
2008-08-04,13.08
2008-08-05,13.07
2008-08-06,13.07
2008-08-07,13.07
2008-08-08,13.07
2008-08-09,13.07
2008-08-10,13.07
2008-10-08,13.2
2008-10-09,13.19
2008-10-10,13.19
2008-10-11,13.19
2008-10-12,13.2
2008-10-13,13.19
2008-10-14,13.19
2008-10-15,13.18
2008-10-16,13.19
2008-10-17,13.19
2008-10-18,13.19
2008-11-13,13.4
2008-11-14,13.41
2008-11-15,13.41
2008-11-16,13.41
2008-11-17,13.41
2008-11-18,13.44
2008-11-19,13.43
2008-11-20,13.42
2008-11-21,13.43
2008-11-22,13.44
2008-11-23,13.47
2008-11-24,13.5
2008-11-25,13.48
2008-11-26,13.46
2008-11-27,13.48
2008-11-28,13.51
2008-11-29,13.51
2008-11-30,13.51
2008-12-01,13.53
2008-12-02,13.54
2008-12-03,13.6
2008-12-04,13.62
2008-12-05,13.63
2008-12-06,13.63
2009-01-01,13.68
2009-01-02,13.67
2009-01-03,13.68
2009-01-04,13.67
2009-01-05,13.66
2009-01-06,13.67
2009-01-07,13.66
2009-01-08,13.65
2009-01-09,13.64
2009-01-10,13.64
2009-01-11,13.63
2009-01-12,13.63
2009-01-13,13.64
2009-01-14,13.64
2009-01-15,13.65
2009-01-16,13.64
2009-01-17,13.63
2009-01-18,13.63
2009-01-19,13.66
2009-01-20,13.68
2009-01-21,13.66
2009-01-22,13.7
2009-01-23,13.76
2009-01-24,13.79
2009-01-25,13.81
2009-01-26,13.79
2009-01-27,13.79
2009-01-28,13.8
2009-01-29,13.8
2009-01-30,13.82
2009-01-31,13.83
2009-02-01,13.84
2009-02-02,13.83
2009-02-03,13.81
2009-02-04,13.82
2009-02-05,13.82
2009-02-06,13.81
2009-02-07,13.82
2009-02-08,13.79
2009-02-09,13.8
2009-02-10,13.81
2009-02-11,13.85
2009-02-12,13.87
2009-02-13,13.88
2009-02-14,13.89
2009-02-15,13.88
2009-02-16,13.88
2009-04-03,13.74
2009-04-04,13.73
2009-04-05,13.72
2009-04-06,13.72
2009-04-07,13.72
2009-04-08,13.71
2009-04-09,13.73
2009-04-10,13.72
2009-04-11,13.72
2009-04-12,13.71
2009-04-13,13.7
2009-04-14,13.71
2009-04-15,13.72
2009-04-16,13.72
2009-04-17,13.72
2009-04-18,13.71
2009-04-19,13.71
2009-04-20,13.69
2009-04-21,13.69
2009-04-22,13.69
2009-04-23,13.7
2009-04-24,13.7
2009-04-25,13.7
2009-04-26,13.71
2009-05-22,13.63
2009-05-23,13.63
2009-05-24,13.61
2009-05-25,13.62
2009-05-26,13.62
2009-05-27,13.61
2009-05-28,13.62
2009-05-29,13.63
2009-05-30,13.63
2009-05-31,13.62
2009-06-01,13.6
2009-06-02,13.59
2009-06-03,13.58
2009-06-04,13.58
2009-06-05,13.6
2009-06-06,13.61
2009-06-07,13.61
2009-06-08,13.61
2009-06-09,13.6
2009-06-10,13.59
2009-06-11,13.57
2009-06-12,13.56
2009-06-13,13.56
2009-06-14,13.55
2009-06-15,13.55
2009-06-16,13.56
2009-06-17,13.56
2009-06-18,13.55
2009-07-12,13.37
2009-07-13,13.37
2009-07-14,13.36
2009-07-15,13.35
2009-07-16,13.35
2009-07-17,13.34
2009-07-18,13.34
2009-07-19,13.33
2009-07-20,13.34
2009-07-21,13.34
2009-07-22,13.33
2009-07-23,13.33
2009-07-24,13.31
2009-07-25,13.29
2009-07-26,13.31
2009-07-27,13.3
2009-07-28,13.29
2009-07-29,13.28
2009-07-30,13.26
2009-07-31,13.27
2009-08-01,13.27
2009-08-02,13.27
2009-08-03,13.27
2009-08-04,13.26
2009-08-05,13.26
2009-08-06,13.24
2009-08-07,13.23
2009-08-08,13.24
2009-08-09,13.27
2009-08-10,13.27
2009-08-11,13.26
2009-08-12,13.26
2009-08-13,13.25
2009-08-14,13.25
2009-08-15,13.24
2009-08-16,13.23
2009-08-17,13.22
2009-08-18,13.22
2009-08-19,13.21
2009-08-20,13.19
2009-08-21,13.18
2009-08-22,13.19
2009-08-23,13.21
2009-08-24,13.2
2009-08-25,13.2
2009-10-10,13.37
2009-10-11,13.37
2009-10-12,13.37
2009-10-13,13.37
2009-10-14,13.38
2009-10-15,13.38
2009-10-16,13.37
2009-10-17,13.37
2009-10-18,13.38
2009-10-19,13.4
2009-10-20,13.41
2009-10-21,13.42
2009-10-22,13.43
2009-10-23,13.41
2009-10-24,13.41
2009-10-25,13.42
2009-10-26,13.42
2009-10-27,13.42
2009-10-28,13.42
2010-06-11,13.48
2010-06-12,13.47
2010-06-13,13.46
2010-06-14,13.47
2010-06-15,13.48
2010-06-16,13.5
2010-06-17,13.51
2010-06-18,13.51
2010-06-19,13.52
2010-06-20,13.52
2010-06-21,13.51
2010-06-22,13.5
2010-06-23,13.49
2010-06-24,13.48
2010-06-25,13.47
2010-06-26,13.46
2010-06-27,13.43
2010-06-28,13.42
2010-06-29,13.41
2010-06-30,13.4
2010-07-01,13.4
2010-07-02,13.4
2010-07-03,13.39
2010-07-04,13.37
2010-07-05,13.36
2010-07-06,13.35
2010-07-07,13.34
2010-07-08,13.33
2010-07-09,13.31
2010-07-10,13.29
2010-07-11,13.28
2010-07-12,13.28
2010-07-13,13.28
2010-07-14,13.28
2010-07-15,13.26
2010-07-16,13.26
2010-07-17,13.24
2010-07-18,13.25
2010-07-19,13.24
2010-07-20,13.24
2010-07-21,13.26
2010-07-22,13.26
2010-07-23,13.25
2010-07-24,13.25
2010-07-25,13.25
2010-07-26,13.25
2010-07-27,13.24
2010-07-28,13.23
2010-07-29,13.22
2010-07-30,13.22
2010-07-31,13.21
2010-08-01,13.21
2010-08-02,13.23
2010-08-03,13.23
2010-08-04,13.24
2010-08-05,13.24
2010-08-06,13.23
2010-08-07,13.22
2010-08-08,13.21
2010-08-09,13.21
2010-08-10,13.21
2010-08-11,13.2
2010-08-12,13.17
2010-08-13,13.17
2010-08-14,13.17
2010-08-15,13.17
2010-08-16,13.15
2010-08-17,13.14
2010-08-18,13.15
2010-08-19,13.14
2010-08-20,13.13
2010-08-21,13.13
2010-08-22,13.13
2010-08-23,13.14
2010-08-24,13.13
2010-08-25,13.15
2010-08-26,13.14
2010-08-27,13.14
2010-08-28,13.12
2010-08-29,13.13
2010-08-30,13.14
2010-08-31,13.16
2010-09-01,13.17
2010-09-02,13.16
2010-09-03,13.16
2010-09-04,13.17
2010-09-05,13.18
2010-09-06,13.18
2010-09-07,13.22
2010-09-08,13.21
2010-09-09,13.2
2010-10-25,13.31
2010-10-26,13.3
2010-10-27,13.31
2010-10-28,13.33
2010-10-29,13.34
2010-10-30,13.37
2010-10-31,13.37
2010-11-01,13.36
2010-11-02,13.33
2010-11-03,13.33
2010-11-04,13.32
2010-11-05,13.34
2010-11-06,13.35
2010-11-07,13.38
2010-11-08,13.44
2010-11-09,13.46
2010-11-10,13.46
2010-11-11,13.47
2010-11-12,13.48
2010-11-13,13.51
2010-11-14,13.51
2010-11-15,13.51
2010-11-16,13.52
2010-11-17,13.55
2010-12-13,13.8
2010-12-14,13.79
2010-12-15,13.77
2010-12-16,13.79
2010-12-17,13.82
2010-12-18,13.83
2010-12-19,13.83
2010-12-20,13.82
2010-12-21,13.83
2010-12-22,13.84
2010-12-23,13.84
2010-12-24,13.83
2010-12-25,13.82
2010-12-26,13.82
2010-12-27,13.84
2010-12-28,13.83
2010-12-29,13.83
2010-12-30,13.82
2010-12-31,13.82
2011-01-01,13.81
2011-01-02,13.8
2011-01-03,13.8
2011-01-04,13.81
2011-01-05,13.83
2011-02-01,13.72
2011-02-02,13.71
2011-02-03,13.71
2011-02-04,13.71
2011-02-05,13.71
2011-02-06,13.72
2011-02-07,13.72
2011-02-08,13.72
2011-02-09,13.72
2011-02-10,13.72
2011-02-11,13.72
2011-02-12,13.71
2011-02-13,13.73
2011-02-14,13.73
2011-02-15,13.75
2011-02-16,13.75
2011-02-17,13.74
2011-02-18,13.7
2011-02-19,13.71
2011-02-20,13.7
2011-02-21,13.72
2011-02-22,13.73
2011-02-23,13.73
2011-02-24,13.73
2011-02-25,13.74
2011-02-26,13.75
2011-02-27,13.76
2011-02-28,13.77
2011-03-01,13.76
2011-03-02,13.77
2011-03-03,13.77
2011-03-04,13.77
2011-03-05,13.76
2011-03-06,13.76
2011-03-07,13.75
2011-03-08,13.74
2011-03-09,13.74
2011-03-10,13.73
2011-03-11,13.75
2011-03-12,13.76
2011-03-13,13.76
2011-03-14,13.74
2011-03-15,13.74
2011-03-16,13.74
2011-03-17,13.72
2011-03-18,13.7
2011-05-03,13.57
2011-05-04,13.55
2011-05-05,13.55
2011-05-06,13.55
2011-05-07,13.55
2011-05-08,13.55
2011-05-09,13.54
2011-05-10,13.53
2011-05-11,13.53
2011-05-12,13.54
2011-05-13,13.54
2011-05-14,13.54
2011-05-15,13.52
2011-05-16,13.52
2011-05-17,13.52
2011-05-18,13.52
2011-05-19,13.52
2011-05-20,13.5
2011-05-21,13.49
2011-05-22,13.48
2011-05-23,13.48
2011-05-24,13.47
2011-05-25,13.47
2011-05-26,13.47
2011-06-21,13.42
2011-06-22,13.42
2011-06-23,13.41
2011-06-24,13.4
2011-06-25,13.39
2011-06-26,13.39
2011-06-27,13.48
2011-06-28,13.46
2011-06-29,13.46
2011-06-30,13.45
2011-07-01,13.47
2011-07-02,13.45
2011-07-03,13.44
2011-07-04,13.29
2011-07-05,13.28
2011-07-06,13.28
2011-07-07,13.29
2011-07-08,13.28
2011-07-09,13.27
2011-07-10,13.26
2011-07-11,13.27
2011-07-12,13.26
2011-07-13,13.26
2011-07-14,13.25
2011-07-15,13.24
2011-07-16,13.25
2011-08-28,13.18
2011-08-29,13.19
2011-08-30,13.2
2011-08-31,13.2
2011-09-01,13.21
2011-09-02,13.2
2011-09-03,13.22
2011-09-04,13.22
2011-09-05,13.22
2011-09-06,13.23
2011-09-07,13.23
2011-09-08,13.24
2011-09-09,13.25
2011-09-10,13.25
2011-09-11,13.23
2011-09-12,13.22
2011-09-13,13.23
2011-09-14,13.22
2011-09-15,13.24
2011-09-16,13.22
2011-09-17,13.23
2011-09-18,13.24
2011-09-19,13.22
2011-09-20,13.23
2011-09-21,13.23
2011-09-22,13.24
2011-09-23,13.25
2011-09-24,13.25
2011-11-09,13.37
2011-11-10,13.37
2011-11-11,13.37
2011-11-12,13.36
2011-11-13,13.36
2011-11-14,13.36
2011-11-15,13.37
2011-11-16,13.36
2011-11-17,13.34
2011-11-18,13.36
2011-11-19,13.36
2011-11-20,13.36
2011-11-21,13.35
2011-11-22,13.35
2011-11-23,13.33
2011-11-24,13.33
2011-11-25,13.32
2011-11-26,13.32
2011-11-27,13.32
2011-11-28,13.33
2011-11-29,13.33
2011-11-30,13.32
2011-12-01,13.34
2011-12-02,13.34
2011-12-28,13.45
2011-12-29,13.45
2011-12-30,13.46
2011-12-31,13.47
2012-01-01,13.49
2012-01-02,13.49
2012-01-03,13.48
2012-01-04,13.48
2012-01-05,13.49
2012-01-06,13.49
2012-01-07,13.49
2012-01-08,13.49
2012-01-09,13.49
2012-01-10,13.5
2012-01-11,13.49
2012-01-12,13.49
2012-01-13,13.49
2012-01-14,13.5
2012-01-15,13.5
2012-01-16,13.5
2012-01-17,13.48
2012-01-18,13.47
2012-01-19,13.46
2012-01-20,13.47
2012-02-16,13.46
2012-02-17,13.47
2012-02-18,13.48
2012-02-19,13.48
2012-02-20,13.52
2012-02-21,13.47
2012-02-22,13.47
2012-02-23,13.47
2012-02-24,13.47
2012-02-25,13.48
2012-02-26,13.51
2012-02-27,13.47
2012-02-28,13.48
2012-02-29,13.48
2012-03-01,13.47
2012-03-02,13.47
2012-03-03,13.46
2012-03-04,13.47
2012-03-05,13.45
2012-03-06,13.47
2012-03-07,13.46
2012-03-08,13.46
2012-03-09,13.44
2012-03-10,13.45
2012-03-11,13.45
2012-03-12,13.45
2012-03-13,13.45
2012-03-14,13.45
2012-03-15,13.44
2012-03-16,13.44
2012-03-17,13.45
2012-03-18,13.44
2012-06-06,13.42
2012-06-07,13.41
2012-06-08,13.39
2012-06-09,13.39
2012-07-05,13.32
2012-07-06,13.32
2012-07-07,13.32
2012-07-08,13.27
2012-07-09,13.22
2012-07-10,13.2
2012-07-11,13.23
2012-07-12,13.25
2012-07-13,13.26
2012-07-14,13.24
2012-07-15,13.23
2012-07-16,13.22
2012-07-17,13.22
2012-07-18,13.22
2012-07-19,13.22
2012-07-20,13.22
2012-07-21,13.2
2012-07-22,13.2
2012-07-23,13.19
2012-07-24,13.18
2012-07-25,13.17
2012-07-26,13.16
2012-07-27,13.16
2012-07-28,13.15
2012-08-24,13.05
2012-08-25,13.03
2012-08-26,13.05
2012-08-27,13.06
2012-08-28,13.05
2012-08-29,13.02
2012-08-30,13.02
2012-08-31,13.02
2012-09-01,13.04
2012-09-02,13.05
2012-09-03,13.05
2012-09-04,13.07
2012-09-05,13.08
2012-09-06,13.08
2012-09-07,13.08
2012-09-08,13.07
2012-09-09,13.07
2012-09-10,13.07
2012-09-11,13.07
2012-09-12,13.08
2012-09-13,13.09
2012-09-14,13.09
2012-09-15,13.1
2012-09-16,13.1
2012-09-17,13.1
2012-09-18,13.1
2012-09-19,13.1
2012-09-20,13.11
2012-09-21,13.11
2012-09-22,13.1
2012-09-23,13.12
2012-09-24,13.11
2012-09-25,13.14
2012-09-26,13.15
2012-09-27,13.14
2012-09-28,13.15
2012-09-29,13.15
2012-09-30,13.15
2012-10-01,13.15
2012-10-02,13.15
2012-10-03,13.16
2012-10-04,13.16
2012-10-05,13.16
2012-10-06,13.16
2012-10-07,13.15
2012-10-08,13.16
2012-11-23,13.35
2012-11-24,13.36
2012-11-25,13.35
2012-11-26,13.37
2012-11-27,13.4
2012-11-28,13.4
2012-11-29,13.4
2012-11-30,13.42
2012-12-01,13.41
2012-12-02,13.4
2012-12-03,13.4
2012-12-04,13.44
2012-12-05,13.44
2012-12-06,13.45
2012-12-07,13.46
2012-12-08,13.45
2012-12-09,13.44
2012-12-10,13.45
2012-12-11,13.45
2012-12-12,13.48
2012-12-13,13.48
2012-12-14,13.49
2012-12-15,13.49
2012-12-16,13.48
2013-03-22,13.76
2013-03-23,13.76
2013-03-24,13.75
2013-03-25,13.76
2013-03-26,13.76
2013-03-27,13.75
2013-03-28,13.75
2013-03-29,13.74
2013-03-30,13.74
2013-03-31,13.75
2013-04-01,13.76
2013-04-02,13.77
2013-04-03,13.8
2013-04-04,13.81
2013-04-05,13.8
2013-04-06,13.79
2013-04-07,13.8
2013-04-08,13.81
2013-04-09,13.81
2013-04-10,13.82
2013-04-11,13.81
2013-04-12,13.8
2013-04-13,13.8
2013-04-14,13.79
2013-04-15,13.78
2013-04-16,13.77
2013-06-01,13.84
2013-06-02,13.84
2013-06-03,13.84
2013-06-04,13.84
2013-06-05,13.84
2013-06-06,13.83
2013-06-07,13.83
2013-06-08,13.88
2013-06-09,13.9
2013-06-10,13.91
2013-06-11,13.91
2013-06-12,13.9
2013-06-13,13.9
2013-06-14,13.9
2013-06-15,13.9
2013-06-16,13.9
2013-06-17,13.9
2013-06-18,13.91
2013-06-19,13.94
2013-06-20,13.97
2013-06-21,14.0
2013-06-22,14.02
2013-06-23,14.01
2013-06-24,14.0
2013-06-25,14.0
2013-06-26,13.99
2013-06-27,13.98
2013-06-28,13.96
2013-06-29,13.94
2013-06-30,13.95
2013-07-01,13.95
2013-08-05,13.58
2013-08-06,13.61
2013-08-07,13.62
2013-08-08,13.62
2013-08-09,13.61
2013-08-10,13.61
2013-08-11,13.61
2013-08-12,13.61
2013-08-13,13.59
2013-08-14,13.58
2013-08-15,13.57
2013-08-16,13.56
2013-08-17,13.55
2013-08-18,13.55
2013-08-19,13.54
2013-08-20,13.54
2013-08-21,13.54
2013-08-22,13.54
2013-08-23,13.53
2013-08-24,13.53
2013-08-25,13.54
2013-08-26,13.55
2013-08-27,13.54
2013-08-28,13.53
2013-08-29,13.53
2013-08-30,13.53
2013-08-31,13.52
2013-09-01,13.53
2013-09-02,13.54
2013-09-03,13.54
2013-09-04,13.55
2013-09-05,13.55
2013-09-06,13.55
2013-09-07,13.55
2013-09-08,13.54
2013-09-09,13.54
2013-09-10,13.57
2013-09-11,13.57
2013-09-12,13.58
2013-09-13,13.58
2013-09-14,13.59
2013-09-15,13.59
2013-09-16,13.6
2013-09-17,13.6
2013-09-18,13.61
2013-09-19,13.61
2013-09-20,13.62
2013-09-21,13.6
2013-09-22,13.59
2013-09-23,13.6
2013-09-24,13.6
2013-09-25,13.6
2013-09-26,13.6
2013-09-27,13.6
2013-09-28,13.6
2013-09-29,13.6
2013-09-30,13.58
2013-10-01,13.59
2013-10-02,13.58
2013-10-03,13.58
2013-10-04,13.59
2013-10-05,13.59
2013-10-06,13.6
2013-10-07,13.61
2013-10-08,13.6
2013-10-09,13.61
2013-10-10,13.61
2013-10-11,13.61
2013-10-12,13.61
2013-10-13,13.61
2013-10-14,13.6
2013-10-15,13.62
2013-10-16,13.63
2013-10-17,13.63
2013-10-18,13.64
2013-10-19,13.63
2013-10-20,13.61
2013-10-21,13.61
2013-10-22,13.63
2013-10-23,13.62
2013-10-24,13.6
2013-10-25,13.6
2013-10-26,13.59
2013-10-27,13.59
2013-10-28,13.58
2013-10-29,13.58
2013-10-30,13.58
2013-10-31,13.59
2013-11-01,13.61
2013-11-02,13.6
2013-11-03,13.61
2013-11-04,13.65
2013-11-05,13.66
2013-11-06,13.68
2013-11-07,13.7
2013-11-08,13.7
2013-11-09,13.72
2013-11-10,13.71
2013-11-11,13.73
2013-11-12,13.75
2013-11-13,13.75
2013-11-14,13.75
2013-11-15,13.77
2013-11-16,13.76
2013-11-17,13.78
2013-11-18,13.78
2013-11-19,13.77
2013-11-20,13.78
2013-11-21,13.82
2013-11-22,13.82
2013-11-23,13.8
2013-11-24,13.8
2013-11-25,13.78
2013-11-26,13.78
2013-11-27,13.77
2013-11-28,13.78
2013-11-29,13.78
2013-11-30,13.78
2013-12-01,13.78
2013-12-02,13.78
2013-12-03,13.77
2013-12-04,13.76
2013-12-05,13.76
2013-12-06,13.75
2013-12-07,13.76
2013-12-08,13.76
2013-12-09,13.75
2013-12-10,13.74
2013-12-11,13.74
2013-12-12,13.75
2013-12-13,13.74
2013-12-14,13.73
2013-12-15,13.74
2013-12-16,13.73
2013-12-17,13.73
2013-12-18,13.74
2013-12-19,13.75
2013-12-20,13.75
2013-12-21,13.74
2013-12-22,13.74
2013-12-23,13.77
2013-12-24,13.79
2013-12-25,13.8
2013-12-26,13.79
2013-12-27,13.8
2013-12-28,13.8
2013-12-29,13.77
2013-12-30,13.79
2013-12-31,13.79
2014-01-01,13.82
2014-01-02,13.81
2014-01-03,13.8
2014-01-04,13.82
2014-01-05,13.8
2014-01-06,13.81
2014-01-07,13.8
2014-01-08,13.8
2014-01-09,13.79
2014-01-10,13.8
2014-01-11,13.79
2014-01-12,13.79
2014-01-13,13.79
2014-01-14,13.8
2014-01-15,13.8
2014-01-16,13.81
2014-01-17,13.81
2014-01-18,13.84
2014-01-19,13.83
2014-01-20,13.82
2014-01-21,13.84
2014-01-22,13.85
2014-01-23,13.84
2014-01-24,13.88
2014-01-25,13.89
2014-01-26,13.94
2014-01-27,13.97
2014-01-28,14.02
2014-01-29,14.04
2014-01-30,14.07
2014-01-31,14.1
2014-02-01,14.11
2014-02-02,14.12
2014-02-03,14.14
2014-02-04,14.16
2014-02-05,14.16
2014-02-06,14.15
2014-02-07,14.14
2014-02-08,14.13
2014-02-09,14.16
2014-02-10,14.17
2014-02-11,14.14
2014-02-12,14.13
2014-02-13,14.13
2014-02-14,14.14
2014-02-15,14.13
2014-02-16,14.1
2014-02-17,14.11
2014-02-18,14.1
2014-02-19,14.09
2014-02-20,14.09
2014-02-21,14.08
2014-02-22,14.08
2014-02-23,14.08
2014-02-24,14.09
2014-02-25,14.07
2014-02-26,14.06
2014-02-27,14.06
2014-02-28,14.08
2014-03-01,14.1
2014-03-02,14.11
2014-03-03,14.11
2014-03-04,14.11
2014-03-05,14.11
2014-03-06,14.11
2014-03-07,14.11
2014-03-08,14.11
2014-03-09,14.11
2014-03-10,14.1
2014-03-11,14.09
2014-03-12,14.08
2014-03-13,14.07
2014-03-14,14.06
2014-03-15,14.05
2014-03-16,14.05
2014-03-17,14.05
2014-03-18,14.05
2014-03-19,14.03
2014-03-20,14.04
2014-03-21,14.04
2014-03-22,14.04
2014-03-23,14.03
2014-03-24,14.04
2014-03-25,14.07
2014-03-26,14.07
2014-03-27,14.07
2014-03-28,14.06
2014-03-29,14.05
2014-03-30,14.04
2014-03-31,14.04
2014-04-01,14.04
2014-04-02,14.05
2014-04-03,14.04
2014-04-04,14.01
2014-04-05,14.0
2014-04-06,14.0
2014-04-07,14.0
2014-04-08,13.98
2014-04-09,13.97
2014-04-10,13.97
2014-04-11,13.97
2014-04-12,13.96
2014-04-13,13.95
2014-04-14,13.95
2014-04-15,13.93
2014-04-16,13.93
2014-04-17,13.93
2014-04-18,13.92
2014-04-19,13.93
2014-04-20,13.92
2014-04-21,13.92
2014-04-22,13.9
2014-04-23,13.88
2014-04-24,13.91
2014-04-25,13.92
2014-04-26,13.93
2014-04-27,13.93
2014-04-28,13.93
2014-04-29,13.94
2014-04-30,13.93
2014-05-01,13.93
2014-05-02,13.93
2014-05-03,13.91
2014-05-04,13.92
2014-05-05,13.91
2014-05-06,13.9
2014-05-07,13.89
2014-05-08,13.88
2014-05-09,13.87
2014-05-10,13.88
2014-05-11,13.87
2014-05-12,13.87
2014-05-13,13.87
2014-05-14,13.86
2014-05-15,13.86
2014-05-16,13.87
2014-05-17,13.87
2014-05-18,13.87
2014-05-19,13.87
2014-05-20,13.87
2014-05-21,13.89
2014-05-22,13.89
2014-05-23,13.89
2014-05-24,13.88
2014-05-25,13.88
2014-05-26,13.88
2014-05-27,13.88
2014-05-28,13.89
2014-05-29,13.88
2014-05-30,13.88
2014-05-31,13.86
2014-06-01,13.85
2014-06-02,13.85
2014-06-03,13.86
2014-06-04,13.86
2014-06-05,13.85
2014-06-06,13.85
2014-06-07,13.84
2014-06-08,13.81
2014-06-09,13.8
2014-06-10,13.79
2014-06-11,13.79
2014-06-12,13.79
2014-06-13,13.78
2014-06-14,13.77
2014-06-15,13.77
2014-06-16,13.76
2014-06-17,13.75
2014-06-18,13.74
2014-06-19,13.72
2014-06-20,13.73
2014-06-21,13.72
2014-06-22,13.72
2014-06-23,13.71
2014-06-24,13.72
2014-06-25,13.71
2014-06-26,13.7
2014-06-27,13.69
2014-06-28,13.69
2014-06-29,13.68
2014-06-30,13.69
2014-07-01,13.69
2014-07-02,13.68
2014-07-03,13.69
2014-07-04,13.69
2014-07-05,13.69
2014-07-06,13.69
2014-07-07,13.68
2014-07-08,13.69
2014-07-09,13.69
2014-07-10,13.68
2014-07-11,13.68
2014-07-12,13.67
2014-07-13,13.67
2014-07-14,13.66
2014-07-15,13.65
2014-07-16,13.64
2014-07-17,13.63
2014-07-18,13.62
2014-07-19,13.62
2014-07-20,13.61
2014-07-21,13.61
2014-07-22,13.61
2014-07-23,13.61
2014-07-24,13.6
2014-07-25,13.59
2014-07-26,13.58
2014-07-27,13.57
2014-07-28,13.56
2014-07-29,13.56
2014-07-30,13.56
2014-07-31,13.56
2014-08-01,13.56
2014-08-02,13.55
2014-08-03,13.54
2014-08-04,13.53
2014-08-05,13.51
2014-08-06,13.5
2014-08-07,13.49
2014-08-08,13.49
2014-08-09,13.51
2014-08-10,13.51
2014-08-11,13.5
2014-08-12,13.51
2014-08-13,13.51
2014-08-14,13.5
2014-08-15,13.5
2014-08-16,13.49
2014-08-17,13.5
2014-08-18,13.49
2014-08-19,13.49
2014-08-20,13.48
2014-08-21,13.48
2014-08-22,13.47
2014-08-23,13.47
2014-08-24,13.48
2014-08-25,13.47
2014-08-26,13.48
2014-08-27,13.48
2014-08-28,13.47
2014-08-29,13.46
2014-08-30,13.47
2014-08-31,13.48
2014-09-01,13.49
2014-09-02,13.49
2014-09-03,13.5
2014-09-04,13.49
2014-09-05,13.49
2014-09-06,13.49
2014-09-07,13.49
2014-09-08,13.48
2014-09-09,13.49
2014-09-10,13.49
2014-09-11,13.49
2014-09-12,13.48
2014-09-13,13.48
2014-09-14,13.48
2014-09-15,13.48
2014-09-16,13.5
2014-09-17,13.5
2014-09-18,13.49
2014-09-19,13.48
2014-09-20,13.47
2014-09-21,13.46
2014-09-22,13.47
2014-09-23,13.47
2014-09-24,13.47
2014-09-25,13.46
2014-09-26,13.46
2014-09-27,13.47
2014-09-28,13.47
2014-09-29,13.46
2014-09-30,13.45
2014-10-01,13.46
2014-10-02,13.46
2014-10-03,13.48
2014-10-04,13.48
2014-10-05,13.49
2014-10-06,13.5
2014-10-07,13.5
2014-10-08,13.5
2014-10-09,13.5
2014-10-10,13.49
2014-10-11,13.51
2014-10-12,13.51
2014-10-13,13.5
2014-10-14,13.5
2014-10-15,13.51
2014-10-16,13.51
2014-10-17,13.49
2014-10-18,13.49
2014-10-19,13.48
2014-10-20,13.48
2014-10-21,13.47
2014-10-22,13.45
2014-10-23,13.47
2014-10-24,13.48
2014-10-25,13.47
2014-10-26,13.47
2014-10-27,13.47
2014-10-28,13.48
2014-10-29,13.47
2014-10-30,13.46
2014-10-31,13.46
2014-11-01,13.43
2014-11-02,13.45
2014-11-03,13.45
2014-11-04,13.51
2014-11-05,13.5
2014-11-06,13.53
2014-11-07,13.53
2014-11-08,13.55
2014-11-09,13.55
2014-11-10,13.57
2014-11-11,13.58
2014-11-12,13.58
2014-11-13,13.58
2014-11-14,13.58
2014-11-15,13.58
2014-11-16,13.64
2014-11-17,13.67
2014-11-18,13.69
2014-11-19,13.68
2014-11-20,13.69
2014-11-21,13.69
2014-11-22,13.7
2014-11-23,13.69
2014-11-24,13.68
2014-11-25,13.7
2014-11-26,13.7
2014-11-27,13.72
2014-11-28,13.75
2014-11-29,13.73
2014-11-30,13.71
2014-12-01,13.7
2014-12-02,13.7
2014-12-03,13.7
2014-12-04,13.7
2014-12-05,13.7
2014-12-06,13.7
2014-12-07,13.7
2014-12-08,13.72
2014-12-09,13.72
2014-12-10,13.74
2014-12-11,13.74
2014-12-12,13.77
2014-12-13,13.77
2014-12-14,13.75
2014-12-15,13.74
2014-12-16,13.75
2014-12-17,13.74
2014-12-18,13.75
2014-12-19,13.75
2014-12-20,13.76
2014-12-21,13.76
2014-12-22,13.77
2014-12-23,13.77
2014-12-24,13.77
2014-12-25,13.76
2014-12-26,13.76
2014-12-27,13.8
2014-12-28,13.8
2014-12-29,13.77
2014-12-30,13.76
2014-12-31,13.77
2015-01-01,13.77
2015-01-02,13.76
2015-01-03,13.76
2015-01-04,13.77
2015-01-05,13.78
2015-01-06,13.77
2015-01-07,13.76
2015-01-08,13.76
2015-01-09,13.75
2015-01-10,13.76
2015-01-11,13.76
2015-01-12,13.77
2015-01-13,13.78
2015-01-14,13.77
2015-01-15,13.78
2015-01-16,13.79
2015-01-17,13.79
2015-01-18,13.82
2015-01-19,13.83
2015-01-20,13.83
2015-01-21,13.86
2015-01-22,13.86
2015-01-23,13.83
2015-01-24,13.83
2015-01-25,13.83
2015-01-26,13.83
2015-01-27,13.83
2015-01-28,13.85
2015-01-29,13.9
2015-01-30,13.91
2015-01-31,13.92
2015-02-01,13.91
2015-02-02,13.93
2015-02-03,13.94
2015-02-04,13.93
2015-02-05,13.92
2015-02-06,13.92
2015-02-07,13.92
2015-02-08,13.89
2015-02-09,13.9
2015-02-10,13.9
2015-02-11,13.9
2015-02-12,13.9
2015-02-13,13.92
2015-02-14,13.93
2015-02-15,13.93
2015-02-16,13.92
2015-02-17,13.91
2015-02-18,13.91
2015-02-19,13.93
2015-02-20,13.96
2015-02-21,13.96
2015-02-22,13.97
2015-02-23,13.98
2015-02-24,13.98
2015-02-25,13.99
2015-02-26,14.03
2015-02-27,14.03
2015-02-28,14.04
2015-03-01,14.07
2015-03-02,14.06
2015-03-03,14.08
2015-03-04,14.08
2015-03-05,14.08
2015-03-06,14.09
2015-03-07,14.1
2015-03-08,14.1
2015-03-09,14.08
2015-03-10,14.08
2015-03-11,14.07
2015-03-12,14.06
2015-03-13,14.05
2015-03-14,14.05
2015-03-15,14.05
2015-03-16,14.05
2015-03-17,14.04
2015-03-18,14.03
2015-03-19,14.01
2015-03-20,14.01
2015-03-21,14.01
2015-03-22,14.01
2015-03-23,14.0
2015-03-24,14.0
2015-03-25,13.99
2015-03-26,13.99
2015-03-27,13.97
2015-03-28,13.97
2015-03-29,13.97
2015-03-30,13.97
2015-03-31,13.98
2015-04-01,13.98
2015-04-02,13.98
2015-04-03,13.99
2015-04-04,13.98
2015-04-05,13.97
2015-04-06,13.96
2015-04-07,13.94
2015-04-08,13.94
2015-04-09,13.93
2015-04-10,13.94
2015-04-11,13.93
2015-04-12,13.92
2015-04-13,13.91
2015-04-14,13.91
2015-04-15,13.92
2015-04-16,13.91
2015-04-17,13.9
2015-04-18,13.92
2015-04-19,13.92
2015-04-20,13.91
2015-04-21,13.88
2015-04-22,13.88
2015-04-23,13.88
2015-04-24,13.89
2015-04-25,13.89
2015-04-26,13.89
2015-04-27,13.89
2015-04-28,13.87
2015-04-29,13.88
2015-04-30,13.87
2015-05-01,13.87
2015-05-02,13.88
2015-05-03,13.87
2015-05-04,13.88
2015-05-05,13.87
2015-05-06,13.84
2015-05-07,13.85
2015-05-08,13.85
2015-05-09,13.81
2015-05-10,13.82
2015-05-11,13.81
2015-05-12,13.81
2015-05-13,13.81
2015-05-14,13.81
2015-05-15,13.81
2015-05-16,13.79
2015-05-17,13.8
2015-05-18,13.81
2015-05-19,13.8
2015-05-20,13.8
2015-05-21,13.78
2015-05-22,13.77
2015-05-23,13.77
2015-05-24,13.77
2015-05-25,13.76
2015-05-26,13.75
2015-05-27,13.75
2015-05-28,13.75
2015-05-29,13.74
2015-05-30,13.74
2015-05-31,13.73
2015-06-01,13.72
2015-06-02,13.71
2015-06-03,13.71
2015-06-04,13.71
2015-06-05,13.7
2015-06-06,13.68
2015-06-07,13.67
2015-06-08,13.67
2015-06-09,13.67
2015-06-10,13.68
2015-06-11,13.71
2015-06-12,13.71
2015-06-13,13.71
2015-06-14,13.71
2015-06-15,13.7
2015-06-16,13.7
2015-06-17,13.69
2015-06-18,13.69
2015-06-19,13.69
2015-06-20,13.69
2015-06-21,13.68
2015-06-22,13.67
2015-06-23,13.67
2015-06-24,13.65
2015-06-25,13.64
2015-06-26,13.63
2015-06-27,13.62
2015-06-28,13.62
2015-06-29,13.62
2015-06-30,13.61
2015-07-01,13.6
2015-07-02,13.59
2015-07-03,13.58
2015-07-04,13.57
2015-07-05,13.56
2015-07-06,13.53
2015-07-07,13.53
2015-07-08,13.51
2015-07-09,13.51
2015-07-10,13.51
2015-07-11,13.49
2015-07-12,13.48
2015-07-13,13.47
2015-07-14,13.45
2015-07-15,13.45
2015-07-16,13.44
2015-07-17,13.43
2015-07-18,13.44
2015-07-19,13.44
2015-07-20,13.43
2015-07-21,13.43
2015-07-22,13.42
2015-07-23,13.43
2015-07-24,13.42
2015-07-25,13.41
2015-07-26,13.42
2015-07-27,13.41
2015-07-28,13.39
2015-07-29,13.39
2015-07-30,13.39
2015-07-31,13.41
2015-08-01,13.4
2015-08-02,13.4
2015-08-03,13.39
2015-08-04,13.38
2015-08-05,13.43
2015-08-06,13.42
2015-08-07,13.41
2015-08-08,13.39
2015-08-09,13.4
2015-08-10,13.41
2015-08-11,13.41
2015-08-12,13.4
2015-08-13,13.38
2015-08-14,13.41
2015-08-15,13.42
2015-08-16,13.44
2015-08-17,13.43
2015-08-18,13.42
2015-08-19,13.41
2015-08-20,13.4
2015-08-21,13.4
2015-08-22,13.42
2015-08-23,13.43
2015-08-24,13.43
2015-08-25,13.42
2015-08-26,13.42
2015-08-27,13.42
2015-08-28,13.41
2015-08-29,13.4
2015-08-30,13.4
2015-08-31,13.4
2015-09-01,13.41
2015-09-02,13.43
2015-09-03,13.43
2015-09-04,13.44
2015-09-05,13.43
2015-09-06,13.43
2015-09-07,13.43
2015-09-08,13.44
2015-09-09,13.44
2015-09-10,13.44
2015-09-11,13.45
2015-09-12,13.45
2015-09-13,13.46
2015-09-14,13.46
2015-09-15,13.5
2015-09-16,13.5
2015-09-17,13.48
2015-09-18,13.47
2015-09-19,13.48
2015-09-20,13.48
2015-09-21,13.49
2015-09-22,13.49
2015-09-23,13.49
2015-09-24,13.49
2015-09-25,13.49
2015-09-26,13.49
2015-09-27,13.48
2015-09-28,13.48
2015-09-29,13.49
2015-09-30,13.5
2015-10-01,13.48
2015-10-02,13.48
2015-10-03,13.5
2015-10-04,13.51
2015-10-05,13.51
2015-10-06,13.51
2015-10-07,13.49
2015-10-08,13.49
2015-10-09,13.5
2015-10-10,13.51
2015-10-11,13.5
2015-10-12,13.49
2015-10-13,13.48
2015-10-14,13.48
2015-10-15,13.48
2015-10-16,13.48
2015-10-17,13.49
2015-10-18,13.49
2015-10-19,13.48
2015-10-20,13.48
2015-10-21,13.46
2015-10-22,13.46
2015-10-23,13.47
2015-10-24,13.47
2015-10-25,13.47
2015-10-26,13.48
2015-10-27,13.48
2015-10-28,13.47
2015-10-29,13.46
2015-10-30,13.46
2015-10-31,13.46
2015-11-01,13.45
2015-11-02,13.46
2015-11-03,13.46
2015-11-04,13.45
2015-11-05,13.45
2015-11-06,13.44
2015-11-07,13.44
2015-11-08,13.44
2015-11-09,13.43
2015-11-10,13.44
2015-11-11,13.44
2015-11-12,13.45
2015-11-13,13.44
2015-11-14,13.44
2015-11-15,13.46
2015-11-16,13.45
2015-11-17,13.45
2015-11-18,13.45
2015-11-19,13.44
2015-11-20,13.47
2015-11-21,13.49
2015-11-22,13.5
2015-11-23,13.49
2015-11-24,13.51
2015-11-25,13.54
2015-11-26,13.54
2015-11-27,13.55
2015-11-28,13.55
2015-11-29,13.53
2015-11-30,13.53
2015-12-01,13.54
2015-12-02,13.54
2015-12-03,13.54
2015-12-04,13.54
2015-12-05,13.54
2015-12-06,13.54
2015-12-07,13.54
2015-12-08,13.53
2015-12-09,13.52
2015-12-10,13.53
2015-12-11,13.53
2015-12-12,13.54
2015-12-13,13.54
2015-12-14,13.54
2015-12-15,13.53
2015-12-16,13.51
2015-12-17,13.52
2015-12-18,13.51
2015-12-19,13.52
2015-12-20,13.52
2015-12-21,13.49
2015-12-22,13.49
2015-12-23,13.46
2015-12-24,13.46
2015-12-25,13.45
2015-12-26,13.45
2015-12-27,13.45
2015-12-28,13.46
2015-12-29,13.45
2015-12-30,13.45
2015-12-31,13.44
2016-01-01,13.46
2016-01-02,13.46
2016-01-03,13.49
2016-01-04,13.5
2016-01-05,13.5
2016-01-06,13.52
2016-01-07,13.54
2016-01-08,13.55
2016-01-09,13.57
2016-01-10,13.59
2016-01-11,13.59
2016-01-12,13.57
2016-01-13,13.59
2016-01-14,13.59
2016-01-15,13.59
2016-01-16,13.59
2016-01-17,13.62
2016-01-18,13.64
2016-01-19,13.65
2016-01-20,13.65
2016-01-21,13.65
2016-01-22,13.64
2016-01-23,13.64
2016-01-24,13.65
2016-01-25,13.64
2016-01-26,13.64
2016-01-27,13.65
2016-01-28,13.66
2016-01-29,13.66
2016-01-30,13.67
2016-01-31,13.68
2016-02-01,13.68
2016-02-02,13.69
2016-02-03,13.69
2016-02-04,13.68
2016-02-05,13.7
2016-02-06,13.72
2016-02-07,13.72
2016-02-08,13.71
2016-02-09,13.74
2016-02-10,13.76
2016-02-11,13.76
2016-02-12,13.8
2016-02-13,13.82
2016-02-14,13.83
2016-02-15,13.83
2016-02-16,13.79
2016-02-17,13.82
2016-02-18,13.83
2016-02-19,13.81
2016-02-20,13.81
2016-02-21,13.83
2016-02-22,13.82
2016-02-23,13.82
2016-02-24,13.84
2016-02-25,13.84
2016-02-26,13.86
2016-02-27,13.88
2016-02-28,13.87
2016-02-29,13.84
2016-03-01,13.82
2016-03-02,13.84
2016-03-03,13.85
2016-03-04,13.88
2016-03-05,13.88
2016-03-06,13.88
2016-03-07,13.9
2016-03-08,13.88
2016-03-09,13.9
2016-03-10,13.9
2016-03-11,13.89
2016-03-12,13.88
2016-03-13,13.89
2016-03-14,13.89
2016-03-15,13.89
2016-03-16,13.88
2016-03-17,13.87
2016-03-18,13.87
2016-03-19,13.87
2016-03-20,13.87
2016-03-21,13.87
2016-03-22,13.87
2016-03-23,13.87
2016-03-24,13.85
2016-03-25,13.83
2016-03-26,13.84
2016-03-27,13.83
2016-03-28,13.83
2016-03-29,13.82
2016-03-30,13.83
2016-03-31,13.83
2016-04-01,13.83
2016-04-02,13.84
2016-04-03,13.84
2016-04-04,13.84
2016-04-05,13.84
2016-04-06,13.81
2016-04-07,13.81
2016-04-08,13.82
2016-04-09,13.83
2016-04-10,13.84
2016-04-11,13.83
2016-04-12,13.82
2016-04-13,13.81
2016-04-14,13.79
2016-04-15,13.79
2016-04-16,13.8
2016-04-17,13.79
2016-04-18,13.78
2016-04-19,13.79
2016-04-20,13.79
2016-04-21,13.79
2016-04-22,13.75
2016-04-23,13.76
2016-04-24,13.75
2016-04-25,13.76
2016-04-26,13.76
2016-04-27,13.76
2016-04-28,13.75
2016-04-29,13.74
2016-04-30,13.74
2016-05-01,13.72
2016-05-02,13.73
2016-05-03,13.73
2016-05-04,13.74
2016-05-05,13.74
2016-05-06,13.73
2016-05-07,13.73
2016-05-08,13.72
2016-05-09,13.72
2016-05-10,13.72
2016-05-11,13.72
2016-05-12,13.72
2016-05-13,13.72
2016-05-14,13.71
2016-05-15,13.7
2016-05-16,13.71
2016-05-17,13.71
2016-05-18,13.7
2016-05-19,13.69
2016-05-20,13.69
2016-05-21,13.71
2016-05-22,13.71
2016-05-23,13.71
2016-05-24,13.73
2016-05-25,13.73
2016-05-26,13.72
2016-05-27,13.72
2016-05-28,13.71
2016-05-29,13.71
2016-05-30,13.7
2016-05-31,13.69
2016-06-01,13.7
2016-06-02,13.71
2016-06-03,13.71
2016-06-04,13.7
2016-06-05,13.68
2016-06-06,13.67
2016-06-07,13.66
2016-06-08,13.65
2016-06-09,13.65
2016-06-10,13.65
2016-06-11,13.64
2016-06-12,13.64
2016-06-13,13.64
2016-06-14,13.66
2016-06-15,13.67
2016-06-16,13.67
2016-06-17,13.67
2016-06-18,13.68
2016-06-19,13.68
2016-06-20,13.68
2016-06-21,13.68
2016-06-22,13.68
2016-06-23,13.65
2016-06-24,13.63
2016-06-25,13.62
2016-06-26,13.61
2016-06-27,13.6
2016-06-28,13.6
2016-06-29,13.6
2016-06-30,13.59
2016-07-01,13.58
2016-07-02,13.57
2016-07-03,13.55
2016-07-04,13.55
2016-07-05,13.53
2016-07-06,13.51
2016-07-07,13.5
2016-07-08,13.49
2016-07-09,13.48
2016-07-10,13.48
2016-07-11,13.46
2016-07-12,13.46
2016-07-13,13.45
2016-07-14,13.43
2016-07-15,13.42
2016-07-16,13.41
2016-07-17,13.4
2016-07-18,13.39
2016-07-19,13.38
2016-07-20,13.36
2016-07-21,13.36
2016-07-22,13.36
2016-07-23,13.35
2016-07-24,13.35
2016-07-25,13.35
2016-07-26,13.34
2016-07-27,13.33
2016-07-28,13.33
2016-07-29,13.33
2016-07-30,13.32
2016-07-31,13.31
2016-08-01,13.3
2016-08-02,13.3
2016-08-03,13.3
2016-08-04,13.3
2016-08-05,13.28
2016-08-06,13.28
2016-08-07,13.27
2016-08-08,13.27
2016-08-09,13.27
2016-08-10,13.27
2016-08-11,13.26
2016-08-12,13.26
2016-08-13,13.25
2016-08-14,13.25
2016-08-15,13.24
2016-08-16,13.23
2016-08-17,13.22
2016-08-18,13.23
2016-08-19,13.24
2016-08-20,13.22
2016-08-21,13.22
2016-08-22,13.23
2016-08-23,13.23
2016-08-24,13.21
2016-08-25,13.2
2016-08-26,13.2
2016-08-27,13.19
2016-08-28,13.19
2016-08-29,13.21
2016-08-30,13.23
2016-08-31,13.23
2016-09-01,13.24
2016-09-02,13.24
2016-09-03,13.25
2016-09-04,13.24
2016-09-05,13.23
2016-09-06,13.24
2016-09-07,13.25
2016-09-08,13.24
2016-09-09,13.24
2016-09-10,13.24
2016-09-11,13.24
2016-09-12,13.25
2016-09-13,13.27
2016-09-14,13.29
2016-09-15,13.31
2016-09-16,13.3
2016-09-17,13.32
2016-09-18,13.32
2016-09-19,13.33
2016-09-20,13.34
2016-09-21,13.34
2016-09-22,13.34
2016-09-23,13.33
2016-09-24,13.33
2016-09-25,13.33
2016-09-26,13.35
2016-09-27,13.34
2016-09-28,13.34
2016-09-29,13.35
2016-09-30,13.36
2016-10-01,13.38
2016-10-02,13.37
2016-10-03,13.37
2016-10-04,13.37
2016-10-05,13.38
2016-10-06,13.39
2016-10-07,13.38
2016-10-08,13.37
2016-10-09,13.37
2016-10-10,13.37
2016-10-11,13.39
2016-10-12,13.4
2016-10-13,13.4
2016-10-14,13.4
2016-10-15,13.38
2016-10-16,13.37
2016-10-17,13.35
2016-10-18,13.35
2016-10-19,13.36
2016-10-20,13.37
2016-10-21,13.37
2016-10-22,13.39
2016-10-23,13.39
2016-10-24,13.38
2016-10-25,13.36
2016-10-26,13.35
2016-10-27,13.34
2016-10-28,13.35
2016-10-29,13.36
2016-10-30,13.36
2016-10-31,13.36
2016-11-01,13.36
2016-11-02,13.36
2016-11-03,13.36
2016-11-04,13.38
2016-11-05,13.39
2016-11-06,13.4
2016-11-07,13.41
2016-11-08,13.43
2016-11-09,13.44
2016-11-10,13.44
2016-11-11,13.45
2016-11-12,13.47
2016-11-13,13.47
2016-11-14,13.46
2016-11-15,13.46
2016-11-16,13.47
2016-11-17,13.49
2016-11-18,13.49
2016-11-19,13.5
2016-11-20,13.51
2016-11-21,13.51
2016-11-22,13.49
2016-11-23,13.53
2016-11-24,13.53
2016-11-25,13.52
2016-11-26,13.53
2016-11-27,13.53
2016-11-28,13.52
2016-11-29,13.51
2016-11-30,13.5
2016-12-01,13.51
2016-12-02,13.52
2016-12-03,13.52
2016-12-04,13.52
2016-12-05,13.51
2016-12-06,13.5
2016-12-07,13.49
2016-12-08,13.49
2016-12-09,13.49
2016-12-10,13.49
2016-12-11,13.49
2016-12-12,13.49
2016-12-13,13.5
2016-12-14,13.5
2016-12-15,13.5
2016-12-16,13.5
2016-12-17,13.48
2016-12-18,13.48
2016-12-19,13.49
2016-12-20,13.49
2016-12-21,13.48
2016-12-22,13.47
2016-12-23,13.47
2016-12-24,13.47
2016-12-25,13.48
2016-12-26,13.48
2016-12-27,13.48
2016-12-28,13.48
2016-12-29,13.47
2016-12-30,13.47
2016-12-31,13.48
2017-01-01,13.49
2017-01-02,13.49
2017-01-03,13.48
2017-01-04,13.47
2017-01-05,13.46
2017-01-06,13.46
2017-01-07,13.45
2017-01-08,13.45
2017-01-09,13.45
2017-01-10,13.48
2017-01-11,13.47
2017-01-12,13.49
2017-01-13,13.48
2017-01-14,13.49
2017-01-15,13.51
2017-01-16,13.53
2017-01-17,13.53
2017-01-18,13.54
2017-01-19,13.54
2017-01-20,13.54
2017-01-21,13.54
2017-01-22,13.54
2017-01-23,13.53
2017-01-24,13.52
2017-01-25,13.52
2017-01-26,13.54
2017-01-27,13.54
2017-01-28,13.53
2017-01-29,13.52
2017-01-30,13.52
2017-01-31,13.53
2017-02-01,13.53
2017-02-02,13.54
2017-02-03,13.55
2017-02-04,13.57
2017-02-05,13.58
2017-02-06,13.57
2017-02-07,13.58
2017-02-08,13.58
2017-02-09,13.6
2017-02-10,13.6
2017-02-11,13.6
2017-02-12,13.61
2017-02-13,13.61
2017-02-14,13.59
2017-02-15,13.57
2017-02-16,13.57
2017-02-17,13.57
2017-02-18,13.58
2017-02-19,13.57
2017-02-20,13.56
2017-02-21,13.56
2017-02-22,13.57
2017-02-23,13.56
2017-02-24,13.55
2017-02-25,13.56
2017-02-26,13.56
2017-02-27,13.57
2017-02-28,13.58
2017-03-01,13.56
2017-03-02,13.57
2017-03-03,13.6
2017-03-04,13.6
2017-03-05,13.59
2017-03-06,13.59
2017-03-07,13.58
2017-03-08,13.58
2017-03-09,13.58
2017-03-10,13.58
2017-03-11,13.58
2017-03-12,13.59
2017-03-13,13.58
2017-03-14,13.57
2017-03-15,13.57
2017-03-16,13.59
2017-03-17,13.59
2017-03-18,13.58
2017-03-19,13.58
2017-03-20,13.58
2017-03-21,13.58
2017-03-22,13.6
2017-03-23,13.6
2017-03-24,13.59
2017-03-25,13.59
2017-03-26,13.58
2017-03-27,13.58
2017-03-28,13.56
2017-03-29,13.55
2017-03-30,13.56
2017-03-31,13.56
2017-04-01,13.56
2017-04-02,13.57
2017-04-03,13.56
2017-04-04,13.56
2017-04-05,13.56
2017-04-06,13.57
2017-04-07,13.57
2017-04-08,13.56
2017-04-09,13.55
2017-04-10,13.53
2017-04-11,13.53
2017-04-12,13.53
2017-04-13,13.52
2017-04-14,13.52
2017-04-15,13.51
2017-04-16,13.5
2017-04-17,13.5
2017-04-18,13.49
2017-04-19,13.48
2017-04-20,13.47
2017-04-21,13.47
2017-04-22,13.47
2017-04-23,13.47
2017-04-24,13.48
2017-04-25,13.48
2017-04-26,13.48
2017-04-27,13.47
2017-04-28,13.47
2017-04-29,13.48
2017-04-30,13.48
2017-05-01,13.47
2017-05-02,13.48
2017-05-03,13.49
2017-05-04,13.5
2017-05-05,13.5
2017-05-06,13.5
2017-05-07,13.48
2017-05-08,13.48
2017-05-09,13.5
2017-05-10,13.5
2017-05-11,13.5
2017-05-12,13.49
2017-05-13,13.46
2017-05-14,13.44
2017-05-15,13.42
2017-05-16,13.42
2017-05-17,13.42
2017-05-18,13.43
2017-05-19,13.44
2017-05-20,13.44
2017-05-21,13.46
2017-05-22,13.46
2017-05-23,13.43
2017-05-24,13.43
2017-05-25,13.42
2017-05-26,13.41
2017-05-27,13.39
2017-05-28,13.38
2017-05-29,13.37
2017-05-30,13.39
2017-05-31,13.4
2017-06-01,13.4
2017-06-02,13.4
2017-06-03,13.4
2017-06-04,13.42
2017-06-05,13.44
2017-06-06,13.44
2017-06-07,13.41
2017-06-08,13.4
2017-06-09,13.4
2017-06-10,13.4
2017-06-11,13.4
2017-06-12,13.39
2017-06-13,13.39
2017-06-14,13.38
2017-06-15,13.37
2017-06-16,13.35
2017-06-17,13.35
2017-06-18,13.35
2017-06-19,13.34
2017-06-20,13.32
2017-06-21,13.31
2017-06-22,13.3
2017-06-23,13.29
2017-06-24,13.3
2017-06-25,13.3
2017-06-26,13.3
2017-06-27,13.3
2017-06-28,13.31
2017-06-29,13.31
2017-06-30,13.3
2017-07-01,13.33
2017-07-02,13.34
2017-07-03,13.35
2017-07-04,13.35
2017-07-05,13.35
2017-07-06,13.33
2017-07-07,13.32
2017-07-08,13.32
2017-07-09,13.34
2017-07-10,13.34
2017-07-11,13.33
2017-07-12,13.32
2017-07-13,13.31
2017-07-14,13.3
2017-07-15,13.29
2017-07-16,13.28
2017-07-17,13.27
2017-07-18,13.26
2017-07-19,13.25
2017-07-20,13.24
2017-07-21,13.25
2017-07-22,13.24
2017-07-23,13.22
2017-07-24,13.22
2017-07-25,13.22
2017-07-26,13.22
2017-07-27,13.22
2017-07-28,13.21
2017-07-29,13.2
2017-07-30,13.21
2017-07-31,13.2
2017-08-01,13.19
2017-08-02,13.17
2017-08-03,13.16
2017-08-04,13.16
2017-08-05,13.14
2017-08-06,13.14
2017-08-07,13.14
2017-08-08,13.13
2017-08-09,13.14
2017-08-10,13.14
2017-08-11,13.14
2017-08-12,13.14
2017-08-13,13.15
2017-08-14,13.15
2017-08-15,13.13
2017-08-16,13.11
2017-08-17,13.12
2017-08-18,13.11
2017-08-19,13.11
2017-08-20,13.1
2017-08-21,13.11
2017-08-22,13.11
2017-08-23,13.09
2017-08-24,13.09
2017-08-25,13.09
2017-08-26,13.09
2017-08-27,13.09
2017-08-28,13.1
2017-08-29,13.1
2017-08-30,13.12
2017-08-31,13.12
2017-09-01,13.12
2017-09-02,13.14
2017-09-03,13.16
2017-09-04,13.17
2017-09-05,13.17
2017-09-06,13.18
2017-09-07,13.19
2017-09-08,13.21
2017-09-09,13.22
2017-09-10,13.23
2017-09-11,13.23
2017-09-12,13.23
2017-09-13,13.23
2017-09-14,13.23
2017-09-15,13.25
2017-09-16,13.27
2017-09-17,13.3
2017-09-18,13.32
2017-09-19,13.33
2017-09-20,13.34
2017-09-21,13.34
2017-09-22,13.33
2017-09-23,13.34
2017-09-24,13.34
2017-09-25,13.33
2017-09-26,13.33
2017-09-27,13.34
2017-09-28,13.33
2017-09-29,13.33
2017-09-30,13.33
2017-10-01,13.34
2017-10-02,13.34
2017-10-03,13.35
2017-10-04,13.35
2017-10-05,13.35
2017-10-06,13.35
2017-10-07,13.35
2017-10-08,13.34
2017-10-09,13.35
2017-10-10,13.35
2017-10-11,13.35
2017-10-12,13.33
2017-10-13,13.33
2017-10-14,13.33
2017-10-15,13.33
2017-10-16,13.32
2017-10-17,13.33
2017-10-18,13.34
2017-10-19,13.34
2017-10-20,13.33
2017-10-21,13.32
2017-10-22,13.31
2017-10-23,13.31
2017-10-24,13.31
2017-10-25,13.31
2017-10-26,13.3
2017-10-27,13.29
2017-10-28,13.28
2017-10-29,13.29
2017-10-30,13.3
2017-10-31,13.3
2017-11-01,13.3
2017-11-02,13.3
2017-11-03,13.3
2017-11-04,13.3
2017-11-05,13.3
2017-11-06,13.3
2017-11-07,13.31
2017-11-08,13.31
2017-11-09,13.31
2017-11-10,13.32
2017-11-11,13.33
2017-11-12,13.35
2017-11-13,13.34
2017-11-14,13.34
2017-11-15,13.34
2017-11-16,13.34
2017-11-17,13.34
2017-11-18,13.34
2017-11-19,13.33
2017-11-20,13.33
2017-11-21,13.34
2017-11-22,13.35
2017-11-23,13.35
2017-11-24,13.33
2017-11-25,13.33
2017-11-26,13.32
2017-11-27,13.34
2017-11-28,13.36
2017-11-29,13.36
2017-11-30,13.36
2017-12-01,13.36
2017-12-02,13.36
2017-12-03,13.35
2017-12-04,13.34
2017-12-05,13.35
2017-12-06,13.35
2017-12-07,13.36
2017-12-08,13.36
2017-12-09,13.39
2017-12-10,13.47
2017-12-11,13.48
2017-12-12,13.45
2017-12-13,13.46
2017-12-14,13.48
2017-12-15,13.49
2017-12-16,13.49
2017-12-17,13.47
2017-12-18,13.5
2017-12-19,13.49
2017-12-20,13.49
2017-12-21,13.49
2017-12-22,13.49
2017-12-23,13.5
2017-12-24,13.51
2017-12-25,13.53
2017-12-26,13.56
2017-12-27,13.57
2017-12-28,13.55
2017-12-29,13.55
2017-12-30,13.55
2017-12-31,13.56
2018-01-01,13.56
2018-01-02,13.57
2018-01-03,13.59
2018-01-04,13.61
2018-01-05,13.63
2018-01-06,13.66
2018-01-07,13.66
2018-01-08,13.66
2018-01-09,13.67
2018-01-10,13.67
2018-01-11,13.67
2018-01-12,13.68
2018-01-13,13.69
2018-01-14,13.71
2018-01-15,13.72
2018-01-16,13.72
2018-01-17,13.72
2018-01-18,13.74
2018-01-19,13.74
2018-01-20,13.74
2018-01-21,13.74
2018-01-22,13.74
2018-01-23,13.74
2018-01-24,13.77
2018-01-25,13.79
2018-01-26,13.79
2018-01-27,13.77
2018-01-28,13.76
2018-01-29,13.77
2018-01-30,13.78
2018-01-31,13.77
2018-02-01,13.8
2018-02-02,13.8
2018-02-03,13.81
2018-02-04,13.81
2018-02-05,13.81
2018-02-06,13.81
2018-02-07,13.81
2018-02-08,13.8
2018-02-09,13.8
2018-02-10,13.79
2018-02-11,13.81
2018-02-12,13.81
2018-02-13,13.82
2018-02-14,13.83
2018-02-15,13.83
2018-02-16,13.83
2018-02-17,13.83
2018-02-18,13.84
2018-02-19,13.86
2018-02-20,13.87
2018-02-21,13.87
2018-02-22,13.87
2018-02-23,13.87
2018-02-24,13.87
2018-02-25,13.86
2018-02-26,13.85
2018-02-27,13.84
2018-02-28,13.88
2018-03-01,13.89
2018-03-02,13.88
2018-03-03,13.87
2018-03-04,13.86
2018-03-05,13.86
2018-03-06,13.85
2018-03-07,13.84
2018-03-08,13.83
2018-03-09,13.84
2018-03-10,13.84
2018-03-11,13.85
2018-03-12,13.83
2018-03-13,13.81
2018-03-14,13.85
2018-03-15,13.84
2018-03-16,13.82
2018-03-17,13.81
2018-03-18,13.81
2018-03-19,13.81
2018-03-20,13.81
2018-03-21,13.79
2018-03-22,13.81
2018-03-23,13.84
2018-03-24,13.84
2018-03-25,13.84
2018-03-26,13.84
2018-03-27,13.83
2018-03-28,13.87
2018-03-29,13.9
2018-03-30,13.9
2018-03-31,13.9
2018-04-01,13.89
2018-04-02,13.89
2018-04-03,13.89
2018-04-04,13.89
2018-04-05,13.86
2018-04-06,13.86
2018-04-07,13.87
2018-04-08,13.9
2018-04-09,13.91
2018-04-10,13.93
2018-04-11,13.93
2018-04-12,13.93
2018-04-13,13.92
2018-04-14,13.9
2018-04-15,13.89
2018-04-16,13.88
2018-04-17,13.87
2018-04-18,13.86
2018-04-19,13.85
2018-04-20,13.84
2018-04-21,13.84
2018-04-22,13.83
2018-04-23,13.82
2018-04-24,13.81
2018-04-25,13.8
2018-04-26,13.8
2018-04-27,13.8
2018-04-28,13.82
2018-04-29,13.81
2018-04-30,13.81
2018-05-01,13.81
2018-05-02,13.82
2018-05-03,13.82
2018-05-04,13.81
2018-05-05,13.8
2018-05-06,13.79
2018-05-07,13.79
2018-05-08,13.78
2018-05-09,13.77
2018-05-10,13.76
2018-05-11,13.75
2018-05-12,13.76
2018-05-13,13.76
2018-05-14,13.76
2018-05-15,13.75
2018-05-16,13.75
2018-05-17,13.75
2018-05-18,13.75
2018-05-19,13.74
2018-05-20,13.73
2018-05-21,13.73
2018-05-22,13.72
2018-05-23,13.7
2018-05-24,13.7
2018-05-25,13.7
2018-05-26,13.71
2018-05-27,13.7
2018-05-28,13.73
2018-05-29,13.74
2018-05-30,13.74
2018-05-31,13.73
2018-06-01,13.71
2018-06-02,13.72
2018-06-03,13.72
2018-06-04,13.72
2018-06-05,13.74
2018-06-06,13.73
2018-06-07,13.72
2018-06-08,13.72
2018-06-09,13.72
2018-06-10,13.72
2018-06-11,13.73
2018-06-12,13.75
2018-06-13,13.76
2018-06-14,13.77
2018-06-15,13.77
2018-06-16,13.77
2018-06-17,13.76
2018-06-18,13.75
2018-06-19,13.75
2018-06-20,13.75
2018-06-21,13.73
2018-06-22,13.71
2018-06-23,13.7
2018-06-24,13.69
2018-06-25,13.68
2018-06-26,13.67
2018-06-27,13.65
2018-06-28,13.65
2018-06-29,13.64
2018-06-30,13.63
2018-07-01,13.62
2018-07-02,13.62
2018-07-03,13.61
2018-07-04,13.64
2018-07-05,13.65
2018-07-06,13.66
2018-07-07,13.66
2018-07-08,13.66
2018-07-09,13.65
2018-07-10,13.63
2018-07-11,13.62
2018-07-12,13.62
2018-07-13,13.6
2018-07-14,13.59
2018-07-15,13.58
2018-07-16,13.58
2018-07-17,13.57
2018-07-18,13.57
2018-07-19,13.56
2018-07-20,13.55
2018-07-21,13.54
2018-07-22,13.53
2018-07-23,13.53
2018-07-24,13.52
2018-07-25,13.5
2018-07-26,13.49
2018-07-27,13.48
2018-07-28,13.47
2018-07-29,13.46
2018-07-30,13.45
2018-07-31,13.45
2018-08-01,13.44
2018-08-02,13.43
2018-08-03,13.41
2018-08-04,13.39
2018-08-05,13.4
2018-08-06,13.4
2018-08-07,13.38
2018-08-08,13.4
2018-08-09,13.4
2018-08-10,13.41
2018-08-11,13.4
2018-08-12,13.41
2018-08-13,13.41
2018-08-14,13.4
2018-08-15,13.4
2018-08-16,13.39
2018-08-17,13.38
2018-08-18,13.38
2018-08-19,13.38
2018-08-20,13.38
2018-08-21,13.38
2018-08-22,13.37
2018-08-23,13.36
2018-08-24,13.36
2018-08-25,13.36
2018-08-26,13.36
2018-08-27,13.36
2018-08-28,13.36
2018-08-29,13.35
2018-08-30,13.35
2018-08-31,13.35
2018-09-01,13.35
2018-09-02,13.36
2018-09-03,13.37
2018-09-04,13.38
2018-09-05,13.39
2018-09-06,13.4
2018-09-07,13.4
2018-09-08,13.4
2018-09-09,13.39
2018-09-10,13.39
2018-09-11,13.4
2018-09-12,13.4
2018-09-13,13.4
2018-09-14,13.4
2018-09-15,13.39
2018-09-16,13.39
2018-09-17,13.4
2018-09-18,13.39
2018-09-19,13.38
2018-09-20,13.4
2018-09-21,13.39
2018-09-22,13.4
2018-09-23,13.39
2018-09-24,13.39
2018-09-25,13.4
2018-09-26,13.39
2018-09-27,13.38
2018-09-28,13.39
2018-09-29,13.39
2018-09-30,13.39
2018-10-01,13.38
2018-10-02,13.37
2018-10-03,13.38
2018-10-04,13.38
2018-10-05,13.39
2018-10-06,13.39
2018-10-07,13.41
2018-10-08,13.42
2018-10-09,13.43
2018-10-10,13.44
2018-10-11,13.44
2018-10-12,13.42
2018-10-13,13.43
2018-10-14,13.45
2018-10-15,13.45
2018-10-16,13.44
2018-10-17,13.45
2018-10-18,13.45
2018-10-19,13.44
2018-10-20,13.43
2018-10-21,13.43
2018-10-22,13.42
2018-10-23,13.41
2018-10-24,13.42
2018-10-25,13.43
2018-10-26,13.44
2018-10-27,13.45
2018-10-28,13.45
2018-10-29,13.46
2018-10-30,13.45
2018-10-31,13.44
2018-11-01,13.43
2018-11-02,13.43
2018-11-03,13.43
2018-11-04,13.46
2018-11-05,13.46
2018-11-06,13.46
2018-11-07,13.46
2018-11-08,13.46
2018-11-09,13.48
2018-11-10,13.49
2018-11-11,13.48
2018-11-12,13.48
2018-11-13,13.46
2018-11-14,13.47
2018-11-15,13.48
2018-11-16,13.48
2018-11-17,13.49
2018-11-18,13.49
2018-11-19,13.5
2018-11-20,13.5
2018-11-21,13.48
2018-11-22,13.47
2018-11-23,13.47
2018-11-24,13.48
2018-11-25,13.48
2018-11-26,13.48
2018-11-27,13.46
2018-11-28,13.46
2018-11-29,13.46
2018-11-30,13.46
2018-12-01,13.47
2018-12-02,13.47
2018-12-03,13.47
2018-12-04,13.47
2018-12-05,13.47
2018-12-06,13.46
2018-12-07,13.46
2018-12-08,13.46
2018-12-09,13.45
2018-12-10,13.45
2018-12-11,13.47
2018-12-12,13.48
2018-12-13,13.5
2018-12-14,13.49
2018-12-15,13.5
2018-12-16,13.51
2018-12-17,13.5
2018-12-18,13.53
2018-12-19,13.51
2018-12-20,13.5
2018-12-21,13.5
2018-12-22,13.49
2018-12-23,13.5
2018-12-24,13.5
2018-12-25,13.51
2018-12-26,13.51
2018-12-27,13.51
2018-12-28,13.51
2018-12-29,13.5
2018-12-30,13.49
2018-12-31,13.49
2019-01-01,13.49
2019-01-02,13.49
2019-01-03,13.49
2019-01-04,13.48
2019-01-05,13.48
2019-01-06,13.47
2019-01-07,13.47
2019-01-08,13.48
2019-01-09,13.49
2019-01-10,13.49
2019-01-11,13.48
2019-01-12,13.48
2019-01-13,13.49
2019-01-14,13.49
2019-01-15,13.5
2019-01-16,13.5
2019-01-17,13.5
2019-01-18,13.5
2019-01-19,13.52
2019-01-20,13.51
2019-01-21,13.49
2019-01-22,13.53
2019-01-23,13.55
2019-01-24,13.54
2019-01-25,13.53
2019-01-26,13.55
2019-01-27,13.55
2019-01-28,13.56
2019-01-29,13.59
2019-01-30,13.59
2019-01-31,13.64
2019-02-01,13.66
2019-02-02,13.66
2019-02-03,13.61
2019-02-04,13.63
2019-02-05,13.65
2019-02-06,13.68
2019-02-07,13.67
2019-02-08,13.7
2019-02-09,13.71
2019-02-10,13.71
2019-02-11,13.69
2019-02-12,13.69
2019-02-13,13.69
2019-02-14,13.7
2019-02-15,13.7
2019-02-16,13.7
2019-02-17,13.7
2019-02-18,13.7
2019-02-19,13.69
2019-02-20,13.69
2019-02-21,13.68
2019-02-22,13.67
2019-02-23,13.67
2019-02-24,13.66
2019-02-25,13.66
2019-02-26,13.66
2019-02-27,13.66
2019-02-28,13.65
2019-03-01,13.65
2019-03-02,13.65
2019-03-03,13.66
2019-03-04,13.66
2019-03-05,13.66
2019-03-06,13.67
2019-03-07,13.65
2019-03-08,13.63
2019-03-09,13.61
2019-03-10,13.61
2019-03-11,13.61
2019-03-12,13.61
2019-03-13,13.61
2019-03-14,13.61
2019-03-15,13.61
2019-03-16,13.63
2019-03-17,13.62
2019-03-18,13.61
2019-03-19,13.61
2019-03-20,13.6
2019-03-21,13.6
2019-03-22,13.59
2019-03-23,13.59
2019-03-24,13.59
2019-03-25,13.59
2019-03-26,13.58
2019-03-27,13.58
2019-03-28,13.57
2019-03-29,13.58
2019-03-30,13.58
2019-03-31,13.58
2019-04-01,13.58
2019-04-02,13.57
2019-04-03,13.6
2019-04-04,13.61
2019-04-05,13.61
2019-04-06,13.61
2019-04-07,13.6
2019-04-08,13.59
2019-04-09,13.56
2019-04-10,13.56
2019-04-11,13.54
2019-04-12,13.54
2019-04-13,13.54
2019-04-14,13.54
2019-04-15,13.55
2019-04-16,13.54
2019-04-17,13.55
2019-04-18,13.54
2019-04-19,13.52
2019-04-20,13.51
2019-04-21,13.51
2019-04-22,13.53
2019-04-23,13.53
2019-04-24,13.52
2019-04-25,13.52
2019-04-26,13.5
2019-04-27,13.49
2019-04-28,13.5
2019-04-29,13.51
2019-04-30,13.51
2019-05-01,13.5
2019-05-02,13.5
2019-05-03,13.51
2019-05-04,13.51
2019-05-05,13.5
2019-05-06,13.51
2019-05-07,13.53
2019-05-08,13.54
2019-05-09,13.54
2019-05-10,13.53
2019-05-11,13.48
2019-05-12,13.47
2019-05-13,13.48
2019-05-14,13.49
2019-05-15,13.49
2019-05-16,13.5
2019-05-17,13.5
2019-05-18,13.51
2019-05-19,13.53
2019-05-20,13.53
2019-05-21,13.52
2019-05-22,13.53
2019-05-23,13.53
2019-05-24,13.52
2019-05-25,13.51
2019-05-26,13.5
2019-05-27,13.51
2019-05-28,13.51
2019-05-29,13.49
2019-05-30,13.48
2019-05-31,13.48
2019-06-01,13.47
2019-06-02,13.46
2019-06-03,13.45
2019-06-04,13.45
2019-06-05,13.48
2019-06-06,13.5
2019-06-07,13.5
2019-06-08,13.48
2019-06-09,13.48
2019-06-10,13.47
2019-06-11,13.47
2019-06-12,13.48
2019-06-13,13.48
2019-06-14,13.47
2019-06-15,13.47
2019-06-16,13.46
2019-06-17,13.46
2019-06-18,13.45
2019-06-19,13.44
2019-06-20,13.43
2019-06-21,13.45
2019-06-22,13.47
2019-06-23,13.46
2019-06-24,13.44
2019-06-25,13.42
2019-06-26,13.41
2019-06-27,13.41
2019-06-28,13.39
2019-06-29,13.38
2019-06-30,13.38
2019-07-01,13.37
2019-07-02,13.38
2019-07-03,13.38
2019-07-04,13.37
2019-07-05,13.36
2019-07-06,13.35
2019-07-07,13.34
2019-07-08,13.32
2019-07-09,13.33
2019-07-10,13.34
2019-07-11,13.34
2019-07-12,13.33
2019-07-13,13.32
2019-07-14,13.32
2019-07-15,13.3
2019-07-16,13.29
2019-07-17,13.28
2019-07-18,13.27
2019-07-19,13.27
2019-07-20,13.26
2019-07-21,13.23
2019-07-22,13.23
2019-07-23,13.23
2019-07-24,13.21
2019-07-25,13.2
2019-07-26,13.24
2019-07-27,13.28
2019-07-28,13.28
2019-07-29,13.28
2019-07-30,13.26
2019-07-31,13.26
2019-08-01,13.27
2019-08-02,13.26
2019-08-03,13.26
2019-08-04,13.25
2019-08-05,13.24
2019-08-06,13.23
2019-08-07,13.23
2019-08-08,13.23
2019-08-09,13.22
2019-08-10,13.18
2019-08-11,13.21
2019-08-12,13.21
2019-08-13,13.21
2019-08-14,13.21
2019-08-15,13.2
2019-08-16,13.21
2019-08-17,13.21
2019-08-18,13.21
2019-08-19,13.2
2019-08-20,13.19
2019-08-21,13.2
2019-08-22,13.19
2019-08-23,13.19
2019-08-24,13.19
2019-08-25,13.18
2019-08-26,13.19
2019-08-27,13.18
2019-08-28,13.18
2019-08-29,13.17
2019-08-30,13.18
2019-08-31,13.18
2019-09-01,13.18
2019-09-02,13.18
2019-09-03,13.19
2019-09-04,13.19
2019-09-05,13.2
2019-09-06,13.2
2019-09-07,13.2
2019-09-08,13.2
2019-09-09,13.22
2019-09-10,13.23
2019-09-11,13.22
2019-09-12,13.22
2019-09-13,13.23
2019-09-14,13.23
2019-09-15,13.23
2019-09-16,13.23
2019-09-17,13.24
2019-09-18,13.24
2019-09-19,13.25
2019-09-20,13.26
2019-09-21,13.27
2019-09-22,13.27
2019-09-23,13.26
2019-09-24,13.27
2019-09-25,13.27
2019-09-26,13.27
2019-09-27,13.27
2019-09-28,13.27
2019-09-29,13.27
2019-09-30,13.27
2019-10-01,13.27
2019-10-02,13.26
2019-10-03,13.26
2019-10-04,13.26
2019-10-05,13.26
2019-10-06,13.26
2019-10-07,13.26
2019-10-08,13.26
2019-10-09,13.26
2019-10-10,13.26
2019-10-11,13.27
2019-10-12,13.27
2019-10-13,13.27
2019-10-14,13.28
2019-10-15,13.29
2019-10-16,13.31
2019-10-17,13.31
2019-10-18,13.32
2019-10-19,13.33
2019-10-20,13.35
2019-10-21,13.35
2019-10-22,13.39
2019-10-23,13.4
2019-10-24,13.41
2019-10-25,13.41
2019-10-26,13.42
2019-10-27,13.41
2019-10-28,13.41
2019-10-28,13.41
2019-10-28,13.41
2019-10-28,13.41
2019-10-28,13.41
2019-10-28,13.41
2019-10-28,13.41
2019-10-28,13.41
2019-10-28,13.41
2019-10-28,13.41
2019-10-28,13.41
2019-10-28,13.41
2019-10-28,13.41
2019-10-28,13.41
2019-10-28,13.41
2019-10-28,13.41
2019-10-28,13.41
2019-10-28,13.41
2019-10-28,13.41
2019-10-28,13.41
2019-10-28,13.41
2019-10-28,13.41
2019-10-28,13.41
2019-10-28,13.41
2019-10-28,13.41
2019-10-28,13.41
2019-10-28,13.41
2019-10-28,13.41
2019-10-28,13.41
2019-10-28,13.41
2019-10-28,13.41
2019-10-28,13.41
2019-10-28,13.41
2019-10-28,13.41
2019-10-28,13.41
2019-10-28,13.41
2019-10-28,13.41
2019-10-28,13.41
2019-10-28,13.41
2019-10-28,13.41
2019-10-28,13.41
2019-10-28,13.41
2019-10-28,13.41
2019-10-28,13.41
2019-10-28,13.41
2019-10-28,13.41
2019-10-28,13.41
2019-10-28,13.41
2019-10-28,13.41
2019-10-28,13.41
2019-10-28,13.42
2019-10-29,13.41
2019-10-30,13.4
2019-10-31,13.4
2019-11-01,13.43
2019-11-02,13.48
2019-11-03,13.48
2019-11-04,13.52
2019-11-05,13.55
2019-11-06,13.57
2019-11-07,13.6
2019-11-08,13.62
2019-11-09,13.65
2019-11-10,13.67
2019-11-11,13.68
2019-11-12,13.7
2019-11-13,13.72
2019-11-14,13.75
2019-11-15,13.78
2019-11-16,13.81
2019-11-17,13.85
2019-11-18,13.85
2019-11-19,13.87
2019-11-20,13.88
2019-11-21,13.88
2019-11-22,13.91
2019-11-23,13.91
2019-11-24,13.88
2019-11-25,13.88
2019-11-26,13.9
2019-11-27,13.89
2019-11-28,13.88
2019-11-29,13.87
2019-11-30,13.89
2019-12-01,13.9
2019-12-02,13.89
2019-12-03,13.87
2019-12-04,13.86
2019-12-05,13.85
2019-12-06,13.85
2019-12-07,13.85
2019-12-08,13.86
2019-12-09,13.85
2019-12-10,13.86
2019-12-11,13.85
2019-12-12,13.9
2019-12-13,13.91
2019-12-14,13.92
2019-12-15,13.93
2019-12-16,13.94
2019-12-17,13.94
2019-12-18,13.91
2019-12-19,13.94
2019-12-20,13.94
2019-12-21,13.93
2019-12-22,13.92
2019-12-23,13.89
2019-12-24,13.88
2019-12-25,13.89
2019-12-26,13.89
2019-12-27,13.87
2019-12-28,13.87
2019-12-29,13.87
2019-12-30,13.87
2019-12-31,13.87
2020-01-01,13.86
2020-01-02,13.86
2020-01-03,13.86
2020-01-04,13.85
2020-01-05,13.85
2020-01-06,13.85
2020-01-06,13.85
2020-01-06,13.85
2020-01-06,13.85
2020-01-06,13.85
2020-01-06,13.85
2020-01-06,13.85
2020-01-06,13.85
2020-01-06,13.85
2020-01-06,13.85
2020-01-06,13.85
2020-01-06,13.85
2020-01-06,13.85
2020-01-06,13.85
2020-01-06,13.85
2020-01-06,13.85
2020-01-06,13.85
2020-01-06,13.85
2020-01-06,13.85
2020-01-06,13.85
2020-01-06,13.85
2020-01-06,13.85
2020-01-06,13.85
2020-01-06,13.85
2020-01-06,13.85
2020-01-06,13.85
2020-01-06,13.85
2020-01-06,13.85
2020-01-06,13.85
2020-01-06,13.85
2020-01-06,13.85
2020-01-06,13.85
2020-01-06,13.85
2020-01-06,13.85
2020-01-06,13.85
2020-01-06,13.85
2020-01-06,13.85
2020-01-06,13.85
2020-01-06,13.85
2020-01-06,13.85
2020-01-06,13.85
2020-01-06,13.85
2020-01-06,13.85
2020-01-06,13.85
2020-01-06,13.85
2020-01-06,13.85
2020-01-06,13.85
2020-01-06,13.85
2020-01-06,13.85
2020-01-06,13.85
2020-01-06,13.85
2020-01-06,13.85
2020-01-06,13.85
2020-01-06,13.85
2020-01-06,13.85
2020-01-06,13.85
2020-01-06,13.85
2020-01-06,13.85
2020-01-06,13.85
2020-01-06,13.85
2020-01-06,13.85
2020-01-06,13.85
2020-01-06,13.85
2020-01-06,13.85
2020-01-06,13.85
2020-01-06,13.85
2020-01-06,13.85
2020-01-06,13.85
2020-01-06,13.85
2020-01-06,13.85
2020-01-06,13.85
2020-01-06,13.85
2020-01-06,13.85
2020-01-06,13.85
2020-01-06,13.85
2020-01-06,13.85
2020-01-06,13.85
2020-01-06,13.85
2020-01-06,13.85
2020-01-06,13.85
2020-01-06,13.85
2020-01-06,13.85
2020-01-06,13.85
2020-01-06,13.85
2020-01-06,13.85
2020-01-06,13.85
2020-01-06,13.85
2020-01-06,13.85
2020-01-06,13.85
2020-01-06,13.85
2020-01-06,13.85
2020-01-06,13.85
2020-01-06,13.85
2020-01-06,13.85
2020-01-06,13.85
2020-01-06,13.85
2020-01-06,13.85
2020-01-06,13.85
2020-01-06,13.85
2020-01-06,13.85
2020-01-06,13.85
2020-01-06,13.85
2020-01-06,13.85
2020-01-06,13.85
2020-01-06,13.85
2020-01-07,13.82
2020-01-08,13.83
2020-01-09,13.84
2020-01-10,13.82
2020-01-11,13.81
2020-01-12,13.81
2020-01-13,13.83
2020-01-14,13.83
2020-01-15,13.83
2020-01-16,13.8
2020-01-17,13.8
2020-01-18,13.82
2020-01-19,13.82
2020-01-20,13.79
2020-01-21,13.81
2020-01-22,13.82
2020-01-23,13.82
2020-01-24,13.82
2020-01-25,13.82
2020-01-26,13.82
2020-01-27,13.83
2020-01-28,13.82
2020-01-29,13.82
2020-01-30,13.83
2020-01-31,13.82
2020-02-01,13.82
2020-02-02,13.82
2020-02-03,13.8
2020-02-04,13.81
2020-02-05,13.81
2020-02-06,13.82
2020-02-07,13.81
2020-02-08,13.8
2020-02-09,13.8
2020-02-10,13.79
2020-02-11,13.78
2020-02-12,13.8
2020-02-13,13.8
2020-02-14,13.78
2020-02-15,13.78
2020-02-16,13.78
2020-02-17,13.77
2020-02-18,13.75
2020-02-19,13.77
2020-02-20,13.77
2020-02-21,13.76
2020-02-22,13.75
2020-02-23,13.75
2020-02-24,13.77
2020-02-25,13.77
2020-02-26,13.77
2020-02-27,13.77
2020-02-28,13.78
2020-02-29,13.78
2020-03-01,13.79
2020-03-02,13.82
2020-03-03,13.82
2020-03-04,13.82
2020-03-05,13.84
2020-03-06,13.85
2020-03-07,13.83
2020-03-08,13.85
2020-03-09,13.85
2020-03-10,13.85
2020-03-11,13.85
2020-03-12,13.85
2020-03-13,13.83
2020-03-14,13.83
2020-03-15,13.86
2020-03-16,13.86
2020-03-17,13.85
2020-03-18,13.86
2020-03-19,13.86
2020-03-20,13.86
2020-03-21,13.86
2020-03-22,13.86
2020-03-23,13.85
2020-03-24,13.84
2020-03-25,13.84
2020-03-26,13.83
2020-03-27,13.83
2020-03-28,13.82
2020-03-29,13.8
2020-03-30,13.81
2020-03-31,13.81
2020-04-01,13.81
2020-04-02,13.8
2020-04-03,13.79
2020-04-04,13.79
2020-04-05,13.79
2020-04-06,13.77
2020-04-07,13.77
2020-04-08,13.77
2020-04-09,13.77
2020-04-10,13.76
2020-04-11,13.75
2020-04-12,13.77
2020-04-13,13.77
2020-04-14,13.75
2020-04-15,13.75
2020-04-16,13.74
2020-04-17,13.73
2020-04-17,13.73
2020-04-17,13.73
2020-04-17,13.73
2020-04-18,13.75
2020-04-19,13.78
2020-04-20,13.79
2020-04-21,13.79
2020-04-22,13.79
2020-04-23,13.79
2020-04-24,13.79
2020-04-25,13.79
2020-04-26,13.78
2020-04-27,13.78
2020-04-28,13.77
2020-04-29,13.76
2020-04-30,13.76
2020-05-01,13.77
2020-05-02,13.77
2020-05-03,13.77
2020-05-04,13.78
2020-05-05,13.76
2020-05-06,13.74
2020-05-07,13.74
2020-05-08,13.74
2020-05-09,13.75
2020-05-10,13.79
2020-05-11,13.83
2020-05-12,13.84
2020-05-13,13.86
2020-05-14,13.87
2020-05-15,13.86
2020-05-16,13.84
2020-05-17,13.84
2020-05-18,13.84
2020-05-19,13.84
2020-05-20,13.84
2020-05-21,13.83
2020-05-22,13.82
2020-05-23,13.8
2020-05-24,13.79
2020-05-25,13.79
2020-05-26,13.78
2020-05-27,13.78
2020-05-28,13.77
2020-05-29,13.77
2020-05-30,13.77
2020-05-31,13.76
2020-06-01,13.75
2020-06-02,13.73
2020-06-03,13.73
2020-06-04,13.75
2020-06-05,13.74
2020-06-06,13.75
2020-06-07,13.74
2020-06-08,13.73
2020-06-09,13.73
2020-06-10,13.74
2020-06-11,13.76
2020-06-12,13.76
2020-06-13,13.75
2020-06-14,13.73
2020-06-15,13.71
2020-06-16,13.72
2020-06-17,13.71
2020-06-18,13.71
2020-06-19,13.7
2020-06-20,13.7
2020-06-21,13.68
2020-06-22,13.67
2020-06-23,13.67
2020-06-24,13.67
2020-06-25,13.65
2020-06-26,13.65
2020-06-27,13.64
2020-06-28,13.62
2020-06-29,13.61
2020-06-30,13.61
2020-07-01,13.61
2020-07-02,13.6
2020-07-03,13.58
2020-07-04,13.58
2020-07-05,13.57
2020-07-06,13.56
2020-07-07,13.55
2020-07-08,13.54
2020-07-09,13.53
2020-07-10,13.51
2020-07-11,13.49
2020-07-12,13.48
2020-07-13,13.46
2020-07-14,13.46
2020-07-15,13.46
2020-07-16,13.46
2020-07-17,13.45
2020-07-18,13.46
2020-07-19,13.45
2020-07-20,13.44
2020-07-21,13.41
2020-07-22,13.41
2020-07-23,13.4
2020-07-24,13.4
2020-07-25,13.4
2020-07-26,13.38
2020-07-27,13.38
2020-07-28,13.37
2020-07-29,13.37
2020-07-30,13.36
2020-07-31,13.35
2020-08-01,13.34
2020-08-02,13.33
2020-08-03,13.33
2020-08-04,13.32
2020-08-05,13.32
2020-08-06,13.31
2020-08-07,13.29
2020-08-08,13.27
2020-08-09,13.27
2020-08-10,13.27
2020-08-11,13.27
2020-08-12,13.27
2020-08-13,13.26
2020-08-14,13.27
2020-08-15,13.28
2020-08-16,13.27
2020-08-17,13.28
2020-08-18,13.28
2020-08-19,13.29
2020-08-20,13.28
2020-08-21,13.26
2020-08-22,13.24
2020-08-23,13.25
2020-08-24,13.27
2020-08-25,13.27
2020-08-26,13.26
2020-08-27,13.27
2020-08-28,13.28
2020-08-29,13.32
2020-08-30,13.32
2020-08-31,13.32
2020-09-01,13.35
2020-09-02,13.34
2020-09-03,13.34
2020-09-04,13.34
2020-09-05,13.34
2020-09-06,13.33
2020-09-07,13.33
2020-09-08,13.34
2020-09-09,13.34
2020-09-10,13.35
2020-09-11,13.35
2020-09-12,13.33
2020-09-13,13.32
2020-09-14,13.31
2020-09-15,13.3
2020-09-16,13.32
2020-09-17,13.33
2020-09-18,13.33
2020-09-19,13.34
2020-09-20,13.37
2020-09-21,13.39
2020-09-22,13.43
2020-09-23,13.44
2020-09-24,13.47
2020-09-25,13.46
2020-09-26,13.52
2020-09-27,13.51
2020-09-28,13.51
2020-09-29,13.5
2020-09-30,13.52
2020-10-01,13.56
2020-10-02,13.63
2020-10-03,13.63
2020-10-04,13.69
2020-10-05,13.72
2020-10-06,13.75
2020-10-07,13.76
2020-10-08,13.77
2020-10-09,13.77
2020-10-10,13.78
2020-10-11,13.79
2020-10-12,13.82
2020-10-13,13.83
2020-10-14,13.84
2020-10-15,13.84
2020-10-16,13.83
2020-10-17,13.84
2020-10-18,13.83
2020-10-19,13.84
2020-10-20,13.86
2020-10-21,13.86
2020-10-22,13.82
2020-10-23,13.82
2020-10-24,13.83
2020-10-25,13.85
2020-10-26,13.86
2020-10-27,13.87
2020-10-28,13.88
2020-10-29,13.87
2020-10-30,13.88
2020-10-31,13.88
2020-11-01,13.88
2020-11-02,13.87
2020-11-03,13.86
2020-11-04,13.87
2020-11-05,13.87
2020-11-06,13.87
2020-11-07,13.87
2020-11-08,13.86
2020-11-09,13.86
2020-11-10,13.84
2020-11-11,13.85
2020-11-12,13.84
2020-11-13,13.83
2020-11-14,13.83
2020-11-15,13.84
2020-11-16,13.82
2020-11-17,13.82
2020-11-18,13.82
2020-11-19,13.8
2020-11-20,13.79
2020-11-21,13.8
2020-11-22,13.8
2020-11-23,13.79
2020-11-24,13.81
2020-11-25,13.81
2020-11-26,13.8
2020-11-27,13.8
2020-11-28,13.8
2020-11-29,13.79
2020-11-30,13.76
2020-12-01,13.76
2020-12-02,13.76
2020-12-03,13.81
2020-12-04,13.83
2020-12-05,13.85
2020-12-06,13.87
2020-12-07,13.92
2020-12-08,13.92
2020-12-09,13.93
2020-12-10,13.97
2020-12-11,14.0
2020-12-12,14.0
2020-12-13,14.0
2020-12-14,14.01
2020-12-15,14.01
2020-12-16,14.06
2020-12-17,14.03
2020-12-18,14.04
2020-12-19,14.04
2020-12-20,14.03
2020-12-21,14.02
2020-12-22,14.01
2020-12-23,14.01
2020-12-24,14.0
2020-12-25,13.99
2020-12-26,13.99
2020-12-27,14.06
2020-12-28,14.06
2020-12-30,14.1
2020-12-31,14.15
2021-01-01,14.18
2021-01-02,14.17
2021-01-03,14.17
2021-01-04,14.22
2021-01-05,14.22
2021-01-06,14.21
2021-01-07,14.21
2021-01-08,14.19
2021-01-09,14.19
2021-01-10,14.18
2021-01-11,14.15
2021-01-12,14.13
2021-01-13,14.12
2021-01-14,14.12
2021-01-15,14.12
2021-01-16,14.11
2021-01-17,14.1
2021-01-18,14.11
2021-01-19,14.12
2021-01-20,14.13
2021-01-21,14.12
2021-01-22,14.13
2021-01-23,14.13
2021-01-24,14.14
2021-01-25,14.14
2021-01-26,14.14
2021-01-27,14.15
2021-01-28,14.17
2021-01-29,14.19
2021-01-30,14.22
2021-01-31,14.23
2021-02-01,14.23
2021-02-02,14.25
2021-02-03,14.25
2021-02-04,14.24
2021-02-05,14.24
2021-02-06,14.25
2021-02-07,14.24
2021-02-08,14.26
2021-02-09,14.26
2021-02-10,14.24
2021-02-11,14.22
2021-02-12,14.22
2021-02-13,14.2
2021-02-14,14.18
2021-02-15,14.18
2021-02-16,14.18
2021-02-17,14.17
2021-02-18,14.17
2021-02-19,14.16
2021-02-20,14.16
2021-02-21,14.15
2021-02-22,14.14
2021-02-23,14.12
2021-02-24,14.13
2021-02-25,14.12
2021-02-26,14.11
2021-02-27,14.11
2021-02-28,14.11
2021-03-01,14.11
2021-03-02,14.1
2021-03-03,14.09
2021-03-04,14.08
2021-03-05,14.1
2021-03-06,14.07
2021-03-07,14.07
2021-03-08,14.07
2021-03-09,14.06
2021-03-10,14.05
2021-03-11,14.04
2021-03-12,14.02
2021-03-13,14.03
2021-03-14,14.02
2021-03-15,14.02
2021-03-16,14.01
2021-03-17,14.01
2021-03-18,14.01
2021-03-19,14.02
2021-03-20,14.01
2021-03-21,14.0
2021-03-22,14.0
2021-03-23,13.99
2021-03-24,13.98
2021-03-25,13.98
2021-03-26,13.98
2021-03-27,13.96
2021-03-28,13.96
2021-03-29,13.96
2021-03-30,13.94
2021-03-31,13.94
2021-04-01,13.94
2021-04-02,13.92
2021-04-03,13.9
2021-04-04,13.89
2021-04-05,13.89
2021-04-06,13.9
2021-04-07,13.89
2021-04-08,13.89
2021-04-09,13.9
2021-04-10,13.91
2021-04-11,13.9
2021-04-12,13.87
2021-04-13,13.88
2021-04-14,13.88
2021-04-15,13.87
2021-04-16,13.86
2021-04-17,13.85
2021-04-18,13.85
2021-04-19,13.86
2021-04-20,13.85
2021-04-21,13.85
2021-04-22,13.85
2021-04-23,13.83
2021-04-24,13.82
2021-04-25,13.82
2021-04-26,13.85
2021-04-27,13.85
2021-04-28,13.85
2021-04-29,13.84
2021-04-30,13.84
2021-05-01,13.83
2021-05-02,13.82
2021-05-03,13.82
2021-05-04,13.81
2021-05-05,13.81
2021-05-06,13.81
2021-05-07,13.81
2021-05-08,13.82
2021-05-09,13.82
2021-05-10,13.81
2021-05-11,13.8
2021-05-12,13.8
2021-05-13,13.8
2021-05-14,13.79
2021-05-15,13.8
2021-05-16,13.81
2021-05-17,13.81
2021-05-18,13.82
2021-05-19,13.81
2021-05-20,13.82
2021-05-21,13.82
2021-05-22,13.82
2021-05-23,13.8
2021-05-24,13.8
2021-05-25,13.78
2021-05-26,13.78
2021-05-27,13.77
2021-05-28,13.77
2021-05-29,13.75
2021-05-30,13.75
2021-05-31,13.75
2021-06-01,13.74
2021-06-02,13.72
2021-06-03,13.71
2021-06-04,13.72
2021-06-05,13.73
2021-06-06,13.73
2021-06-07,13.72
2021-06-08,13.71
2021-06-09,13.7
2021-06-10,13.69
2021-06-11,13.68
2021-06-12,13.67
2021-06-13,13.67
2021-06-14,13.66
2021-06-15,13.66
2021-06-16,13.67
2021-06-17,13.67
2021-06-18,13.68
2021-06-19,13.68
2021-06-20,13.69
2021-06-21,13.68
2021-06-22,13.66
2021-06-23,13.68
2021-06-24,13.68
2021-06-25,13.67
2021-06-26,13.68
2021-06-27,13.67
2021-06-28,13.67
2021-06-29,13.67
2021-06-30,13.68
2021-07-01,13.67
2021-07-02,13.67
2021-07-03,13.66
2021-07-04,13.65
2021-07-05,13.64
2021-07-06,13.61
2021-07-07,13.6
2021-07-08,13.59
2021-07-09,13.59
2021-07-10,13.58
2021-07-11,13.58
2021-07-12,13.57
2021-07-13,13.56
2021-07-14,13.56
2021-07-15,13.55
2021-07-16,13.54
2021-07-17,13.53
2021-07-18,13.51
2021-07-19,13.51
2021-07-20,13.51
2021-07-21,13.48
2021-07-22,13.47
2021-07-23,13.48
2021-07-24,13.47
2021-07-25,13.46
2021-07-26,13.45
2021-07-27,13.44
2021-07-28,13.43
2021-07-29,13.44
2021-07-30,13.43
2021-07-31,13.42
2021-08-01,13.43
2021-08-02,13.43
2021-08-03,13.42
2021-08-04,13.43
2021-08-05,13.43
2021-08-06,13.42
2021-08-07,13.41
2021-08-08,13.4
2021-08-09,13.38
2021-08-10,13.37
2021-08-11,13.36
2021-08-12,13.34
2021-08-13,13.34
2021-08-14,13.34
2021-08-15,13.32
2021-08-16,13.33
2021-08-17,13.34
2021-08-18,13.35
2021-08-19,13.35
2021-08-20,13.34
2021-08-21,13.32
2021-08-22,13.31
2021-08-23,13.32
2021-08-24,13.32
2021-08-25,13.33
2021-08-26,13.32
2021-08-27,13.31
2021-08-28,13.31
2021-08-29,13.31
2021-08-30,13.32
2021-08-31,13.32
2021-09-01,13.34
2021-09-02,13.35
2021-09-03,13.36
2021-09-04,13.37
2021-09-05,13.37
2021-09-06,13.36
2021-09-07,13.36
2021-09-08,13.36
2021-09-09,13.42
2021-09-10,13.42
2021-09-11,13.42
2021-09-12,13.43
2021-09-13,13.43
2021-09-14,13.42
2021-09-15,13.41
2021-09-16,13.42
2021-09-17,13.43
2021-09-18,13.44
2021-09-19,13.44
2021-09-20,13.44
2021-09-21,13.47
2021-09-22,13.48
2021-09-23,13.48
2021-09-24,13.49
2021-09-25,13.49
2021-09-26,13.48
2021-09-27,13.47
2021-09-28,13.49
2021-09-29,13.46
2021-09-30,13.47
2021-10-01,13.47
2021-10-02,13.5
2021-10-03,13.51
2021-10-04,13.51
2021-10-05,13.52
2021-10-06,13.51
2021-10-07,13.51
2021-10-08,13.51
2021-10-09,13.51
2021-10-10,13.51
2021-10-11,13.5
2021-10-12,13.5
2021-10-13,13.5
2021-10-14,13.5
2021-10-15,13.5
2021-10-16,13.5
2021-10-17,13.5
2021-10-18,13.49
2021-10-19,13.49
2021-10-20,13.49
2021-10-21,13.47
2021-10-22,13.47
2021-10-23,13.46
2021-10-24,13.47
2021-10-25,13.47
2021-10-26,13.47
2021-10-27,13.47
2021-10-28,13.49
2021-10-29,13.5
2021-10-30,13.51
2021-10-31,13.49
2021-11-01,13.49
2021-11-02,13.52
2021-11-03,13.54
2021-11-04,13.56
2021-11-05,13.54
2021-11-06,13.54
2021-11-07,13.54
2021-11-08,13.57
2021-11-09,13.57
2021-11-10,13.58
2021-11-11,13.58
2021-11-12,13.58
2021-11-13,13.58
2021-11-14,13.57
2021-11-15,13.58
2021-11-16,13.58
2021-11-17,13.56
2021-11-18,13.55
2021-11-19,13.55
2021-11-20,13.58
2021-11-21,13.59
2021-11-22,13.59
2021-11-23,13.59
2021-11-24,13.6
2021-11-25,13.61
2021-11-26,13.59
2021-11-27,13.63
2021-11-28,13.64
2021-11-29,13.64
2021-11-30,13.63
2021-12-01,13.67
2021-12-02,13.67
2021-12-03,13.66
2021-12-04,13.68
2021-12-05,13.69
2021-12-06,13.7
2021-12-07,13.74
2021-12-08,13.75
2021-12-09,13.78
2021-12-10,13.79
2021-12-13,13.81
2021-12-14,13.8
2021-12-15,13.81
2021-12-16,13.8
2021-12-17,13.81
2021-12-18,13.81
2021-12-19,13.81
2021-12-20,13.82
2021-12-21,13.81
2021-12-22,13.81
2021-12-23,13.82
2021-12-24,13.81
2021-12-25,13.82
2021-12-26,13.82
2021-12-27,13.82
2021-12-28,13.8
2021-12-29,13.79
2021-12-30,13.79
2021-12-31,13.79
2022-01-01,13.78
2022-01-02,13.78
2022-01-03,13.8
2022-01-04,13.82
2022-01-05,13.8
2022-01-06,13.78
2022-01-07,13.78
2022-01-08,13.81
2022-01-09,13.81
2022-01-10,13.83
2022-01-11,13.83
2022-01-12,13.84
2022-01-13,13.84
2022-01-14,13.85
2022-01-15,13.85
2022-01-16,13.84
2022-01-17,13.83
2022-01-18,13.83
2022-01-19,13.83
2022-01-20,13.84
2022-01-21,13.83
2022-01-22,13.83
2022-01-23,13.84
2022-01-24,13.83
2022-01-25,13.82
2022-01-26,13.82
2022-01-27,13.81
2022-01-28,13.8
2022-01-29,13.8
2022-01-30,13.81
2022-01-31,13.81
2022-02-01,13.8
2022-02-02,13.81
2022-02-03,13.82
2022-02-04,13.81
2022-02-05,13.8
2022-02-06,13.79
2022-02-07,13.78
2022-02-08,13.79
2022-02-09,13.79
2022-02-10,13.78
2022-02-11,13.78
2022-02-12,13.78
2022-02-13,13.8
2022-02-14,13.79
2022-02-15,13.78
2022-02-16,13.78
2022-02-17,13.79
2022-02-18,13.8
2022-02-19,13.78
2022-02-20,13.78
2022-02-21,13.78
2022-02-22,13.77
2022-02-23,13.78
2022-02-24,13.78
2022-02-25,13.76
2022-02-26,13.78
2022-02-27,13.78
2022-02-28,13.76
2022-03-01,13.74
2022-03-02,13.75
2022-03-03,13.76
2022-03-04,13.76
2022-03-05,13.75
2022-03-06,13.76
2022-03-07,13.75
2022-03-08,13.76
2022-03-09,13.75
2022-03-10,13.75
2022-03-11,13.75
2022-03-12,13.75
2022-03-13,13.76
2022-03-14,13.75
2022-03-15,13.75
2022-03-16,13.75
2022-03-17,13.73
2022-03-18,13.72
2022-03-19,13.72
2022-03-20,13.72
2022-03-21,13.72
2022-03-22,13.72
2022-03-23,13.71
2022-03-24,13.71
2022-03-25,13.71
2022-03-26,13.71
2022-03-27,13.7
2022-03-28,13.71
2022-03-29,13.72
2022-03-30,13.72
2022-03-31,13.72
2022-04-01,13.71
2022-04-02,13.69
2022-04-03,13.69
2022-04-04,13.69
2022-04-05,13.69
2022-04-06,13.7
2022-04-07,13.7
2022-04-08,13.69
2022-04-09,13.66
2022-04-10,13.68
2022-04-11,13.69
2022-04-12,13.68
2022-04-13,13.67
2022-04-14,13.65
2022-04-15,13.63
2022-04-16,13.63
2022-04-17,13.63
2022-04-18,13.63
2022-04-19,13.65
2022-04-20,13.67
2022-04-21,13.67
2022-04-22,13.69
2022-04-23,13.69
2022-04-24,13.68
2022-04-25,13.67
2022-04-26,13.66
2022-04-27,13.65
2022-04-28,13.64
2022-04-29,13.63
2022-04-30,13.63
2022-05-01,13.64
2022-05-02,13.64
2022-05-03,13.63
2022-05-04,13.63
2022-05-05,13.61
2022-05-06,13.61
2022-05-07,13.61
2022-05-08,13.61
2022-05-09,13.61
2022-05-10,13.6
2022-05-11,13.6
2022-05-12,13.59
2022-05-13,13.59
2022-05-14,13.6
2022-05-15,13.6
2022-05-16,13.58
2022-05-17,13.56
2022-05-18,13.54
2022-05-19,13.55
2022-05-20,13.55
2022-05-21,13.55
2022-05-22,13.56
2022-05-23,13.55
2022-05-24,13.55
2022-05-25,13.54
2022-05-26,13.53
2022-05-27,13.53
2022-05-28,13.54
2022-05-29,13.53
2022-05-30,13.52
2022-05-31,13.51
2022-06-01,13.5
2022-06-02,13.5
2022-06-03,13.5
2022-06-04,13.5
2022-06-05,13.49
2022-06-06,13.48
2022-06-07,13.48
2022-06-08,13.5
2022-06-09,13.49
2022-06-10,13.49
2022-06-11,13.48
2022-06-12,13.47
2022-06-13,13.47
2022-06-14,13.47
2022-06-15,13.45
2022-06-16,13.44
2022-06-17,13.42
2022-06-18,13.42
2022-06-19,13.41
2022-06-20,13.41
2022-06-21,13.41
2022-06-22,13.46
2022-06-23,13.46
2022-06-24,13.47
2022-06-25,13.48
2022-06-26,13.48
2022-06-27,13.47
2022-06-28,13.47
2022-06-29,13.47
2022-06-30,13.45
2022-07-01,13.44
2022-07-02,13.44
2022-07-03,13.43
2022-07-04,13.42
2022-07-05,13.41
2022-07-06,13.4
2022-07-07,13.38
2022-07-08,13.37
2022-07-09,13.37
2022-07-10,13.36
2022-07-11,13.35
2022-07-12,13.33
2022-07-13,13.31
2022-07-14,13.29
2022-07-15,13.28
2022-07-16,13.28
2022-07-17,13.27
2022-07-18,13.26
2022-07-19,13.24
2022-07-20,13.22
2022-07-21,13.23
2022-07-22,13.22
2022-07-23,13.23
2022-07-24,13.23
2022-07-25,13.21
2022-07-26,13.2
2022-07-27,13.21
2022-07-28,13.2
2022-07-29,13.19
2022-07-30,13.18
2022-07-31,13.18
2022-08-01,13.18
2022-08-02,13.18
2022-08-03,13.17
2022-08-04,13.16
2022-08-05,13.14
2022-08-06,13.15
2022-08-07,13.14
2022-08-08,13.14
2022-08-09,13.14
2022-08-10,13.14
2022-08-11,13.13
2022-08-12,13.12
2022-08-13,13.12
2022-08-14,13.12
2022-08-15,13.13
2022-08-16,13.14
2022-08-17,13.14
2022-08-18,13.17
2022-08-19,13.18
2022-08-20,13.19
2022-08-21,13.19
2022-08-22,13.2
2022-08-23,13.21
2022-08-24,13.21
2022-08-25,13.19
2022-08-26,13.16
2022-08-27,13.17
2022-08-28,13.17
2022-08-29,13.18
2022-08-30,13.18
2022-08-31,13.19
2022-09-01,13.2
2022-09-02,13.21
2022-09-03,13.22
2022-09-04,13.21
2022-09-05,13.21
2022-09-06,13.2
2022-09-07,13.2
2022-09-08,13.2
2022-09-09,13.2
2022-09-10,13.2
2022-09-11,13.2
2022-09-12,13.2
2022-09-13,13.2
2022-09-14,13.2
2022-09-15,13.19
2022-09-16,13.19
2022-09-17,13.19
2022-09-18,13.18
2022-09-19,13.18
2022-09-20,13.18
2022-09-21,13.19
2022-09-22,13.19
2022-09-23,13.2
2022-09-24,13.21
2022-09-25,13.22
2022-09-26,13.24
2022-09-27,13.25
2022-09-28,13.27
2022-09-29,13.32
2022-09-30,13.32
2022-10-01,13.31
2022-10-02,13.3
2022-10-03,13.32
2022-10-04,13.33
2022-10-05,13.33
2022-10-06,13.32
2022-10-07,13.33
2022-10-08,13.33
2022-10-09,13.34
2022-10-10,13.33
2022-10-11,13.32
2022-10-12,13.32
2022-10-13,13.32
2022-10-14,13.33
2022-10-15,13.34
2022-10-16,13.34
2022-10-17,13.32
2022-10-18,13.33
2022-10-19,13.34
2022-10-20,13.34
2022-10-21,13.34
2022-10-22,13.33
2022-10-23,13.33
2022-10-24,13.31
2022-10-25,13.32
2022-10-26,13.3
2022-10-27,13.3
2022-10-28,13.29
2022-10-29,13.3
2022-10-30,13.3
2022-10-31,13.31
2022-11-01,13.29
2022-11-02,13.29
2022-11-03,13.31
2022-11-04,13.32
2022-11-05,13.31
2022-11-06,13.32
2022-11-07,13.32
2022-11-08,13.33
2022-11-09,13.32
2022-11-10,13.3
2022-11-11,13.3
2022-11-12,13.31
2022-11-13,13.32
2022-11-14,13.33
2022-11-15,13.34
2022-11-16,13.34
2022-11-17,13.33
2022-11-18,13.35
2022-11-19,13.37
2022-11-20,13.38
2022-11-21,13.42
2022-11-22,13.46
2022-11-23,13.48
2022-11-24,13.48
2022-11-25,13.48
2022-11-26,13.49
2022-11-27,13.5
2022-11-28,13.52
2022-11-29,13.54
2022-11-30,13.54
2022-12-01,13.54
2022-12-02,13.56
2022-12-03,13.57
2022-12-04,13.57
2022-12-05,13.56
2022-12-06,13.56
2022-12-07,13.57
2022-12-08,13.59
2022-12-09,13.6
2022-12-10,13.57
2022-12-11,13.58
2022-12-12,13.6
2022-12-13,13.6
2022-12-14,13.61
2022-12-15,13.62
2022-12-16,13.61
2022-12-17,13.59
2022-12-18,13.6
2022-12-19,13.6
2022-12-20,13.61
2022-12-21,13.61
2022-12-22,13.61
2022-12-23,13.61
2022-12-24,13.61
2022-12-25,13.61
2022-12-26,13.6
2022-12-27,13.59
2022-12-28,13.6
2022-12-29,13.61
2022-12-30,13.61
2022-12-31,13.6
2023-01-01,13.61
2023-01-02,13.6
2023-01-03,13.58
2023-01-04,13.58
2023-01-05,13.6
2023-01-06,13.61
2023-01-07,13.62
2023-01-08,13.64
2023-01-09,13.63
2023-01-10,13.6
2023-01-11,13.62
2023-01-12,13.62
2023-01-13,13.61
2023-01-14,13.63
2023-01-15,13.63
2023-01-16,13.7
2023-01-17,13.72
2023-01-18,13.72
2023-01-19,13.75
2023-01-20,13.73
2023-01-21,13.74
2023-01-22,13.74
2023-01-23,13.74
2023-01-24,13.74
2023-01-25,13.75
2023-01-26,13.76
2023-01-27,13.76
2023-01-28,13.75
2023-01-29,13.74
2023-01-30,13.74
2023-01-31,13.74
2023-02-01,13.74
2023-02-02,13.73
2023-02-03,13.73
2023-02-04,13.73
2023-02-05,13.72
2023-02-06,13.74
2023-02-07,13.74
2023-02-08,13.73
2023-02-09,13.72
2023-02-10,13.71
2023-02-11,13.72
2023-02-12,13.71
2023-02-13,13.71
2023-02-14,13.72
2023-02-15,13.71
2023-02-16,13.71
2023-02-17,13.7
2023-02-18,13.7
2023-02-19,13.7
2023-02-20,13.71
2023-02-21,13.71
2023-02-22,13.72
2023-02-23,13.75
2023-02-24,13.77
2023-02-25,13.77
2023-02-26,13.76
2023-02-27,13.74
2023-02-28,13.69
2023-03-01,13.7
2023-03-02,13.69
2023-03-03,13.67
2023-03-04,13.68
2023-03-05,13.7
2023-03-06,13.71
2023-03-07,13.71
2023-03-08,13.72
2023-03-09,13.71
2023-03-10,13.7
2023-03-11,13.69
2023-03-12,13.7
2023-03-13,13.72
2023-03-14,13.7
2023-03-15,13.7
2023-03-16,13.72
2023-03-17,13.72
2023-03-18,13.71
2023-03-19,13.7
2023-03-20,13.7
2023-03-21,13.7
2023-03-22,13.7
2023-03-23,13.7
2023-03-24,13.69
2023-03-25,13.68
2023-03-26,13.67
2023-03-27,13.67
2023-03-28,13.67
2023-03-29,13.67
2023-03-30,13.66
2023-03-31,13.66
2023-04-01,13.66
2023-04-02,13.65
2023-04-03,13.66
2023-04-04,13.65
2023-04-05,13.64
2023-04-06,13.63
2023-04-07,13.63
2023-04-08,13.62
2023-04-09,13.6
2023-04-10,13.59
2023-04-11,13.6
2023-04-12,13.61
2023-04-13,13.61
2023-04-14,13.62
2023-04-15,13.61
2023-04-16,13.61
2023-04-17,13.61
2023-04-18,13.62
2023-04-19,13.61
2023-04-20,13.61
2023-04-21,13.61
2023-04-22,13.61
2023-04-23,13.61
2023-04-24,13.61
2023-04-25,13.62
2023-04-26,13.63
2023-04-27,13.63
2023-04-28,13.62
2023-04-29,13.61
2023-04-30,13.6
2023-05-01,13.6
2023-05-02,13.59
2023-05-03,13.53
2023-05-04,13.52
2023-05-05,13.51
2023-05-06,13.51
2023-05-07,13.49
2023-05-08,13.48
2023-05-09,13.49
2023-05-10,13.49
2023-05-11,13.51
2023-05-12,13.52
2023-05-13,13.51
2023-05-14,13.52
2023-05-15,13.52
2023-05-16,13.51
2023-05-17,13.49
2023-05-18,13.49
2023-05-19,13.48
2023-05-20,13.48
2023-05-21,13.47
2023-05-22,13.46
2023-05-23,13.47
2023-05-24,13.47
2023-05-25,13.46
2023-05-26,13.46
2023-05-27,13.45
2023-05-28,13.45
2023-05-29,13.44
2023-05-30,13.44
2023-05-31,13.44
2023-06-01,13.45
2023-06-02,13.45
2023-06-03,13.45
2023-06-04,13.43
2023-06-05,13.42
2023-06-06,13.42
2023-06-07,13.41
2023-06-08,13.4
2023-06-09,13.41
2023-06-10,13.39
2023-06-11,13.37
2023-06-12,13.38
2023-06-13,13.39
2023-06-14,13.39
2023-06-15,13.39
2023-06-16,13.39
2023-06-17,13.39
2023-06-18,13.4
2023-06-19,13.4
2023-06-20,13.41
2023-06-21,13.41
2023-06-22,13.42
2023-06-23,13.41
2023-06-24,13.41
2023-06-25,13.41
2023-06-26,13.38
2023-06-27,13.38
2023-06-28,13.37
2023-06-29,13.35
2023-06-30,13.35
2023-07-01,13.35
2023-07-02,13.35
2023-07-03,13.35
2023-07-04,13.34
2023-07-05,13.33
2023-07-06,13.33
2023-07-07,13.32
2023-07-08,13.3
2023-07-09,13.28
2023-07-10,13.26
2023-07-11,13.26
2023-07-12,13.25
2023-07-13,13.23
2023-07-14,13.24
2023-07-15,13.23
2023-07-16,13.22
2023-07-17,13.21
2023-07-18,13.21
2023-07-19,13.18
2023-07-20,13.19
2023-07-21,13.17
2023-07-22,13.17
2023-07-23,13.17
2023-07-24,13.17
2023-07-25,13.17
2023-07-26,13.18
2023-07-27,13.2
2023-07-28,13.18
2023-07-29,13.17
2023-07-30,13.15
2023-07-31,13.15
2023-08-01,13.15
2023-08-02,13.16
2023-08-03,13.15
2023-08-04,13.14
2023-08-05,13.14
2023-08-06,13.14
2023-08-07,13.14
2023-08-08,13.14
2023-08-09,13.12
2023-08-10,13.11
2023-08-11,13.09
2023-08-12,13.08
2023-08-13,13.09
2023-08-14,13.09
2023-08-15,13.07
2023-08-16,13.07
2023-08-17,13.07
2023-08-18,13.07
2023-08-19,13.05
2023-08-20,13.04
2023-08-21,13.04
2023-08-22,13.04
2023-08-23,13.05
2023-08-24,13.04
2023-08-25,13.03
2023-08-26,13.04
2023-08-27,13.05
2023-08-28,13.09
2023-08-29,13.1
2023-08-30,13.12
2023-08-31,13.12
2023-09-01,13.14
2023-09-02,13.16
2023-09-03,13.17
2023-09-04,13.18
2023-09-05,13.17
2023-09-06,13.17
2023-09-07,13.17
2023-09-08,13.16
2023-09-09,13.15
2023-09-10,13.15
2023-09-11,13.17
2023-09-12,13.17
2023-09-13,13.18
2023-09-14,13.18
2023-09-15,13.21
2023-09-16,13.2
2023-09-17,13.19
2023-09-18,13.19
2023-09-19,13.19
2023-09-20,13.21
2023-09-21,13.23
2023-09-22,13.23
2023-09-23,13.23
2023-09-24,13.23
2023-09-25,13.25
2023-09-26,13.25
2023-09-27,13.25
2023-09-28,13.24
2023-09-29,13.23
2023-09-30,13.24
2023-10-01,13.24
2023-10-02,13.24
2023-10-03,13.22
2023-10-04,13.22
2023-10-05,13.22
2023-10-06,13.22
2023-10-07,13.22
2023-10-08,13.22
2023-10-09,13.21
2023-10-10,13.21
2023-10-11,13.22
2023-10-12,13.22
2023-10-13,13.22
2023-10-14,13.21
2023-10-15,13.22
2023-10-16,13.23
2023-10-17,13.25
2023-10-18,13.24
2023-10-19,13.26
2023-10-20,13.26
2023-10-21,13.25
2023-10-22,13.25
2023-10-23,13.29
2023-10-24,13.31
2023-10-25,13.31
2023-10-26,13.37
2023-10-27,13.39
2023-10-28,13.41
2023-10-29,13.42
2023-10-30,13.43
2023-10-31,13.42
2023-11-01,13.46
2023-11-02,13.47
2023-11-03,13.48
2023-11-04,13.52
2023-11-05,13.51
2023-11-06,13.52
2023-11-07,13.54
2023-11-08,13.57
2023-11-09,13.6
2023-11-10,13.62
2023-11-11,13.65
2023-11-12,13.65
2023-11-13,13.66
2023-11-14,13.66
2023-11-15,13.67
2023-11-16,13.67
2023-11-17,13.67
2023-11-18,13.67
2023-11-19,13.67
2023-11-20,13.68
2023-11-21,13.69
2023-11-22,13.68
2023-11-23,13.68
2023-11-24,13.7
2023-11-25,13.7
