date,value
1990-01-01,100.16
1990-01-02,100.12
1990-01-03,100.09
1990-01-04,100.05
1990-01-05,100.01
1990-01-06,99.96
1990-01-07,99.94
1990-01-08,99.92
1990-01-09,99.87
1990-01-10,99.86
1990-01-11,99.84
1990-01-12,99.82
1990-01-13,99.79
1990-01-14,99.77
1990-01-15,99.75
1990-01-16,99.72
1990-01-17,99.7
1990-01-18,99.68
1990-01-19,99.66
1990-01-20,99.63
1990-01-21,99.62
1990-01-22,99.61
1990-01-23,99.58
1990-01-24,99.57
1990-01-25,99.56
1990-01-26,99.55
1990-01-27,99.51
1990-01-28,99.5
1990-01-29,99.57
1990-01-30,99.55
1990-01-31,99.53
1990-02-01,99.49
1990-02-02,99.47
1990-02-03,99.45
1990-02-04,99.43
1990-02-05,99.41
1990-02-06,99.4
1990-02-07,99.4
1990-02-08,99.39
1990-02-09,99.39
1990-02-10,99.37
1990-02-11,99.4
1990-02-12,99.43
1990-02-13,99.4
1990-02-14,99.37
1990-02-15,99.4
1990-02-16,99.45
1990-02-17,99.39
1990-02-18,99.36
1990-02-19,99.33
1990-02-20,99.3
1990-02-21,99.31
1990-02-22,99.27
1990-02-23,99.31
1990-02-24,99.3
1990-02-25,99.36
1990-02-26,99.39
1990-02-27,99.36
1990-02-28,99.36
1990-03-01,99.34
1990-03-02,99.36
1990-03-03,99.33
1990-03-04,99.35
1990-03-05,99.34
1990-03-06,99.34
1990-03-07,99.35
1990-03-08,99.36
1990-03-09,99.38
1990-03-10,99.42
1990-03-11,99.42
1990-03-12,99.48
1990-03-13,99.5
1990-03-14,99.54
1990-03-15,99.56
1990-03-16,99.57
1990-03-17,99.58
1990-03-18,99.59
1990-03-19,99.63
1990-03-20,99.61
1990-03-21,99.59
1990-03-22,99.6
1990-03-23,99.62
1990-03-24,99.65
1990-03-25,99.66
1990-03-26,99.65
1990-03-27,99.62
1990-03-28,99.6
1990-03-29,99.57
1990-03-30,99.56
1990-03-31,99.53
1990-04-01,99.5
1990-04-02,99.53
1990-04-03,99.49
1990-04-04,99.53
1990-04-05,99.55
1990-04-06,99.56
1990-04-07,99.57
1990-04-08,99.5
1990-04-09,99.44
1990-04-10,99.38
1990-04-11,99.34
1990-04-12,99.32
1990-04-13,99.29
1990-04-14,99.27
1990-04-15,99.26
1990-04-16,99.25
1990-04-17,99.24
1990-04-18,99.22
1990-04-19,99.2
1990-04-20,99.18
1990-04-21,99.17
1990-04-22,99.16
1990-04-23,99.15
1990-04-24,99.14
1990-04-25,99.13
1990-04-26,99.13
1990-04-27,99.14
1990-04-28,99.15
1990-04-29,99.16
1990-04-30,99.19
1990-05-01,99.23
1990-05-02,99.28
1990-05-03,99.31
1990-05-04,99.32
1990-05-05,99.34
1990-05-06,99.35
1990-05-07,99.37
1990-05-08,99.39
1990-05-09,99.43
1990-05-10,99.42
1990-05-11,99.44
1990-05-12,99.45
1990-05-13,99.45
1990-05-14,99.47
1990-05-15,99.46
1990-05-16,99.47
1990-05-17,99.48
1990-05-18,99.49
1990-05-19,99.49
1990-05-20,99.5
1990-05-21,99.51
1990-05-22,99.39
1990-05-23,99.35
1990-05-24,99.3
1990-05-25,99.32
1990-05-26,99.26
1990-05-27,99.22
1990-05-28,99.2
1990-05-29,99.16
1990-05-30,99.11
1990-05-31,99.06
1990-06-01,99.01
1990-06-02,98.96
1990-06-03,98.93
1990-06-04,98.9
1990-06-05,98.87
1990-06-06,98.88
1990-06-07,98.87
1990-06-08,98.86
1990-06-09,98.83
1990-06-10,98.8
1990-06-11,98.79
1990-06-12,98.77
1990-06-13,98.79
1990-06-14,98.8
1990-06-15,98.81
1990-06-16,98.82
1990-06-17,98.81
1990-06-18,98.82
1990-06-19,98.83
1990-06-20,98.85
1990-06-21,98.86
1990-06-22,98.87
1990-06-23,98.87
1990-06-24,98.88
1990-06-25,98.87
1990-06-26,98.88
1990-06-27,98.92
1990-06-28,98.91
1990-06-29,98.89
1990-06-30,98.86
1990-07-01,98.84
1990-07-02,98.81
1990-07-03,98.78
1990-07-04,98.77
1990-07-05,98.76
1990-07-06,98.76
1990-07-07,98.76
1990-07-08,98.77
1990-07-09,98.78
1990-07-10,98.79
1990-07-11,98.8
1990-07-12,98.81
1990-07-13,98.82
1990-07-14,98.83
1990-07-15,98.84
1990-07-16,98.86
1990-07-17,98.89
1990-07-18,98.93
1990-07-19,98.85
1990-07-20,98.8
1990-07-21,98.77
1990-07-22,98.75
1990-07-23,98.74
1990-07-24,98.74
1990-07-25,98.73
1990-07-26,98.73
1990-07-27,98.73
1990-07-28,98.65
1990-07-29,98.63
1990-07-30,98.61
1990-07-31,98.59
1990-08-01,98.56
1990-08-02,98.5
1990-08-03,98.45
1990-08-04,98.4
1990-08-05,98.37
1990-08-06,98.36
1990-08-07,98.34
1990-08-08,98.32
1990-08-09,98.26
1990-08-10,98.2
1990-08-11,98.15
1990-08-12,98.12
1990-08-13,98.09
1990-08-14,98.06
1990-08-15,98.04
1990-08-16,98.02
1990-08-17,97.99
1990-08-18,97.97
1990-08-19,97.95
1990-08-20,97.93
1990-08-21,97.91
1990-08-22,97.89
1990-08-23,97.87
1990-08-24,97.86
1990-08-25,97.86
1990-08-26,97.86
1990-08-27,97.86
1990-08-28,97.85
1990-08-29,97.82
1990-08-30,97.78
1990-08-31,97.75
1990-09-01,97.73
1990-09-02,97.7
1990-09-03,97.67
1990-09-04,97.66
1990-09-05,97.65
1990-09-06,97.63
1990-09-07,97.6
1990-09-08,97.58
1990-09-09,97.57
1990-09-10,97.55
1990-09-11,97.53
1990-09-12,97.51
1990-09-13,97.5
1990-09-14,97.48
1990-09-15,97.47
1990-09-16,97.46
1990-09-17,97.45
1990-09-18,97.44
1990-09-19,97.42
1990-09-20,97.4
1990-09-21,97.39
1990-09-22,97.38
1990-09-23,97.37
1990-09-24,97.36
1990-09-25,97.34
1990-09-26,97.32
1990-09-27,97.32
1990-09-28,97.31
1990-09-29,97.31
1990-09-30,97.3
1990-10-01,97.29
1990-10-02,97.28
1990-10-03,97.27
1990-10-04,97.26
1990-10-05,97.24
1990-10-06,97.2
1990-10-07,97.16
1990-10-08,97.14
1990-10-09,97.11
1990-10-10,97.08
1990-10-11,97.06
1990-10-12,97.05
1990-10-13,97.02
1990-10-14,96.96
1990-10-15,96.9
1990-10-16,96.86
1990-10-17,96.83
1990-10-18,96.83
1990-10-19,96.83
1990-10-20,96.82
1990-10-21,96.8
1990-10-22,96.79
1990-10-23,96.78
1990-10-24,96.77
1990-10-25,96.76
1990-10-26,96.76
1990-10-27,96.74
1990-10-28,96.75
1990-10-29,96.75
1990-10-30,96.75
1990-10-31,96.91
1990-11-01,97.02
1990-11-02,97.08
1990-11-03,97.14
1990-11-04,97.24
1990-11-05,97.36
1990-11-06,97.4
1990-11-07,97.44
1990-11-08,97.46
1990-11-09,97.45
1990-11-10,97.44
1990-11-11,97.42
1990-11-12,97.38
1990-11-13,97.34
1990-11-14,97.3
1990-11-15,97.27
1990-11-16,97.23
1990-11-17,97.19
1990-11-18,97.16
1990-11-19,97.15
1990-11-20,97.12
1990-11-21,97.1
1990-11-22,97.08
1990-11-23,97.05
1990-11-24,96.94
1990-11-25,96.88
1990-11-26,96.8
1990-11-27,96.76
1990-11-28,96.75
1990-11-29,96.74
1990-11-30,96.73
1990-12-01,96.68
1990-12-02,96.67
1990-12-03,96.66
1990-12-04,96.64
1990-12-05,96.62
1990-12-06,96.6
1990-12-07,96.58
1990-12-08,96.56
1990-12-09,96.58
1990-12-10,96.74
1990-12-11,97.05
1990-12-12,97.32
1990-12-13,97.5
1990-12-14,97.7
1990-12-15,97.86
1990-12-16,98.03
1990-12-17,98.19
1990-12-18,98.32
1990-12-19,98.46
1990-12-20,98.59
1990-12-21,98.72
1990-12-22,98.8
1990-12-23,98.9
1990-12-24,99.01
1990-12-25,99.08
1990-12-26,99.19
1990-12-27,99.32
1990-12-28,99.44
1990-12-29,99.52
1990-12-30,99.53
1990-12-31,99.57
1991-01-01,99.66
1991-01-02,99.73
1991-01-03,99.79
1991-01-04,99.81
1991-01-05,99.86
1991-01-06,99.9
1991-01-07,99.94
1991-01-08,99.97
1991-01-09,99.99
1991-01-10,100.0
1991-01-11,100.01
1991-01-12,100.03
1991-01-13,100.06
1991-01-14,100.09
1991-01-15,100.09
1991-01-16,100.08
1991-01-17,100.06
1991-01-18,100.0
1991-01-19,99.99
1991-01-20,99.97
1991-01-21,99.96
1991-01-22,99.95
1991-01-23,99.93
1991-01-24,99.89
1991-01-25,99.86
1991-01-26,99.81
1991-01-27,99.78
1991-01-28,99.76
1991-01-29,99.71
1991-01-30,99.67
1991-01-31,99.6
1991-02-01,99.57
1991-02-02,99.53
1991-02-03,99.49
1991-02-04,99.45
1991-02-05,99.41
1991-02-06,99.37
1991-02-07,99.35
1991-02-08,99.32
1991-02-09,99.27
1991-02-10,99.25
1991-02-11,99.23
1991-02-12,99.2
1991-02-13,99.17
1991-02-14,99.15
1991-02-15,99.11
1991-02-16,99.06
1991-02-17,99.04
1991-02-18,99.02
1991-02-19,99.0
1991-02-20,98.99
1991-02-21,98.99
1991-02-22,98.98
1991-02-23,98.94
1991-02-24,98.93
1991-02-25,98.92
1991-02-26,98.94
1991-02-27,98.96
1991-02-28,98.98
1991-03-01,99.0
1991-03-02,98.97
1991-03-03,98.99
1991-03-04,99.01
1991-03-05,99.05
1991-03-06,99.07
1991-03-07,99.08
1991-03-08,99.11
1991-03-09,100.76
1991-03-10,101.84
1991-03-11,102.26
1991-03-12,102.51
1991-03-13,102.71
1991-03-14,102.88
1991-03-15,103.07
1991-03-16,103.21
1991-03-17,103.36
1991-03-18,103.47
1991-03-19,103.57
1991-03-20,103.67
1991-03-21,103.79
1991-03-22,103.9
1991-03-23,103.96
1991-03-24,104.05
1991-03-25,104.1
1991-03-26,104.18
1991-03-27,104.22
1991-03-28,104.26
1991-03-29,104.28
1991-03-30,104.27
1991-03-31,104.29
1991-04-01,104.32
1991-04-02,104.35
1991-04-03,104.37
1991-04-04,104.39
1991-04-05,104.42
1991-04-06,104.37
1991-04-07,104.39
1991-04-08,104.41
1991-04-09,104.43
1991-04-10,104.45
1991-04-11,104.47
1991-04-12,104.48
1991-04-13,104.46
1991-04-14,104.45
1991-04-15,104.44
1991-04-16,104.41
1991-04-17,104.46
1991-04-18,104.41
1991-04-19,104.36
1991-04-20,104.31
1991-04-21,104.26
1991-04-22,104.23
1991-04-23,104.18
1991-04-24,104.2
1991-04-25,104.19
1991-04-26,104.18
1991-04-27,104.12
1991-04-28,104.08
1991-04-29,104.05
1991-04-30,104.01
1991-05-01,103.98
1991-05-02,103.99
1991-05-03,103.97
1991-05-04,103.98
1991-05-05,103.96
1991-05-06,103.95
1991-05-07,103.91
1991-05-08,103.89
1991-05-09,103.87
1991-05-10,103.86
1991-05-11,103.83
1991-05-12,103.84
1991-05-13,103.85
1991-05-14,103.8
1991-05-15,103.82
1991-05-16,103.8
1991-05-17,103.79
1991-05-18,103.77
1991-05-19,103.76
1991-05-20,103.76
1991-05-21,103.74
1991-05-22,103.76
1991-05-23,103.76
1991-05-24,103.84
1991-05-25,103.88
1991-05-26,103.95
1991-05-27,103.93
1991-05-28,103.94
1991-05-29,103.96
1991-05-30,103.98
1991-05-31,103.97
1991-06-01,103.96
1991-06-02,103.94
1991-06-03,103.91
1991-06-04,103.87
1991-06-05,103.84
1991-06-06,103.81
1991-06-07,103.79
1991-06-08,103.78
1991-06-09,103.77
1991-06-10,103.79
1991-06-11,103.81
1991-06-12,103.83
1991-06-13,103.84
1991-06-14,103.85
1991-06-15,103.86
1991-06-16,103.86
1991-06-17,103.86
1991-06-18,103.83
1991-06-19,103.79
1991-06-20,103.74
1991-06-21,103.7
1991-06-22,103.68
1991-06-23,103.67
1991-06-24,103.65
1991-06-25,103.58
1991-06-26,103.57
1991-06-27,103.55
1991-06-28,103.52
1991-06-29,103.49
1991-06-30,103.43
1991-07-01,103.36
1991-07-02,103.3
1991-07-03,103.24
1991-07-04,103.19
1991-07-05,103.13
1991-07-06,103.08
1991-07-07,103.03
1991-07-08,102.99
1991-07-09,102.95
1991-07-10,102.9
1991-07-11,102.86
1991-07-12,102.83
1991-07-13,102.8
1991-07-14,102.7
1991-07-15,102.62
1991-07-16,102.56
1991-07-17,102.49
1991-07-18,102.45
1991-07-19,102.4
1991-07-20,102.36
1991-07-21,102.34
1991-07-22,102.32
1991-07-23,102.3
1991-07-24,102.26
1991-07-25,102.15
1991-07-26,102.02
1991-07-27,101.94
1991-07-28,101.86
1991-07-29,101.77
1991-07-30,101.71
1991-07-31,101.66
1991-08-01,101.6
1991-08-02,101.53
1991-08-03,101.47
1991-08-04,101.43
1991-08-05,101.4
1991-08-06,101.35
1991-08-07,101.3
1991-08-08,101.27
1991-08-09,101.25
1991-08-10,101.22
1991-08-11,101.19
1991-08-12,101.17
1991-08-13,101.14
1991-08-14,101.08
1991-08-15,101.01
1991-08-16,100.96
1991-08-17,100.9
1991-08-18,100.86
1991-08-19,100.82
1991-08-20,100.79
1991-08-21,100.75
1991-08-22,100.7
1991-08-23,100.65
1991-08-24,100.62
1991-08-25,100.59
1991-08-26,100.57
1991-08-27,100.54
1991-08-28,100.51
1991-08-29,100.47
1991-08-30,100.42
1991-08-31,100.36
1991-09-01,100.32
1991-09-02,100.27
1991-09-03,100.25
1991-09-04,100.22
1991-09-05,100.19
1991-09-06,100.15
1991-09-07,100.1
1991-09-08,100.07
1991-09-09,100.03
1991-09-10,99.99
1991-09-11,99.95
1991-09-12,99.91
1991-09-13,99.87
1991-09-14,99.82
1991-09-15,99.76
1991-09-16,99.7
1991-09-17,99.62
1991-09-18,99.55
1991-09-19,99.5
1991-09-20,99.44
1991-09-21,99.36
1991-09-22,99.31
1991-09-23,99.29
1991-09-24,99.26
1991-09-25,99.23
1991-09-26,99.19
1991-09-27,99.17
1991-09-28,99.29
1991-09-29,99.37
1991-09-30,101.31
1991-10-01,102.14
1991-10-02,102.49
1991-10-03,102.72
1991-10-04,102.9
1991-10-05,103.08
1991-10-06,103.26
1991-10-07,103.77
1991-10-08,104.0
1991-10-09,104.14
1991-10-10,104.26
1991-10-11,104.3
1991-10-12,104.78
1991-10-13,105.3
1991-10-14,105.57
1991-10-15,105.67
1991-10-16,105.81
1991-10-17,105.92
1991-10-18,106.0
1991-10-19,106.01
1991-10-20,105.99
1991-10-21,105.96
1991-10-22,105.91
1991-10-23,105.86
1991-10-24,105.81
1991-10-25,105.77
1991-10-26,105.73
1991-10-27,105.71
1991-10-28,105.69
1991-10-29,105.67
1991-10-30,105.63
1991-10-31,105.54
1991-11-01,105.47
1991-11-02,105.43
1991-11-03,105.45
1991-11-04,105.37
1991-11-05,105.34
1991-11-06,105.24
1991-11-07,105.16
1991-11-08,105.09
1991-11-09,105.03
1991-11-10,104.98
1991-11-11,104.93
1991-11-12,104.88
1991-11-13,104.83
1991-11-14,104.97
1991-11-15,105.16
1991-11-16,105.22
1991-11-17,105.3
1991-11-18,105.34
1991-11-19,105.37
1991-11-20,105.38
1991-11-21,105.39
1991-11-22,105.37
1991-11-23,105.35
1991-11-24,105.36
1991-11-25,105.32
1991-11-26,105.27
1991-11-27,105.23
1991-11-28,105.19
1991-11-29,105.16
1991-11-30,105.12
1991-12-01,105.08
1991-12-02,105.04
1991-12-03,105.0
1991-12-04,104.95
1991-12-05,104.87
1991-12-06,104.79
1991-12-07,104.71
1991-12-08,104.65
1991-12-09,104.59
1991-12-10,104.5
1991-12-11,104.42
1991-12-12,104.33
1991-12-13,104.25
1991-12-14,104.17
1991-12-15,104.12
1991-12-16,104.06
1991-12-17,104.0
1991-12-18,103.95
1991-12-19,103.88
1991-12-20,103.84
1991-12-21,103.79
1991-12-22,103.74
1991-12-23,103.7
1991-12-24,103.66
1991-12-25,103.61
1991-12-26,103.56
1991-12-27,103.51
1991-12-28,103.46
1991-12-29,103.42
1991-12-30,103.37
1991-12-31,103.33
1992-01-01,103.29
1992-01-02,103.23
1992-01-03,103.16
1992-01-04,103.1
1992-01-05,103.06
1992-01-06,103.03
1992-01-07,102.97
1992-01-08,102.92
1992-01-09,102.87
1992-01-10,102.86
1992-01-11,102.83
1992-01-12,102.84
1992-01-13,102.83
1992-01-14,102.82
1992-01-15,102.79
1992-01-16,102.76
1992-01-17,102.74
1992-01-18,102.69
1992-01-19,102.67
1992-01-20,102.66
1992-01-21,102.64
1992-01-22,102.62
1992-01-23,102.57
1992-01-24,102.55
1992-01-25,102.5
1992-01-26,102.48
1992-01-27,102.46
1992-01-28,102.44
1992-01-29,102.41
1992-01-30,102.37
1992-01-31,102.34
1992-02-01,102.3
1992-02-02,102.27
1992-02-03,102.25
1992-02-04,102.21
1992-02-05,102.17
1992-02-06,102.14
1992-02-07,102.12
1992-02-08,102.09
1992-02-09,102.07
1992-02-10,102.05
1992-02-11,102.03
1992-02-12,102.0
1992-02-13,101.96
1992-02-14,101.95
1992-02-15,101.93
1992-02-16,101.91
1992-02-17,101.88
1992-02-18,101.85
1992-02-19,101.82
1992-02-20,101.77
1992-02-21,101.72
1992-02-22,101.67
1992-02-23,101.65
1992-02-24,101.62
1992-02-25,101.58
1992-02-26,101.55
1992-02-27,101.51
1992-02-28,101.48
1992-02-29,101.45
1992-03-01,101.44
1992-03-02,101.43
1992-03-03,101.39
1992-03-04,101.36
1992-03-05,101.34
1992-03-06,101.33
1992-03-07,101.34
1992-03-08,101.35
1992-03-09,101.36
1992-03-10,101.36
1992-03-11,101.36
1992-03-12,101.36
1992-03-13,101.35
1992-03-14,101.31
1992-03-15,101.32
1992-03-16,101.3
1992-03-17,101.28
1992-03-18,101.27
1992-03-19,101.25
1992-03-20,101.24
1992-03-21,101.22
1992-03-22,101.23
1992-03-23,101.25
1992-03-24,101.26
1992-03-25,101.23
1992-03-26,101.34
1992-03-27,101.46
1992-03-28,101.69
1992-03-29,101.8
1992-03-30,102.02
1992-03-31,102.21
1992-04-01,102.27
1992-04-02,102.34
1992-04-03,102.67
1992-04-04,102.97
1992-04-05,103.04
1992-04-06,103.31
1992-04-07,103.77
1992-04-08,104.22
1992-04-09,104.46
1992-04-10,104.65
1992-04-11,104.76
1992-04-12,104.81
1992-04-13,104.85
1992-04-14,104.86
1992-04-15,104.88
1992-04-16,104.91
1992-04-17,104.93
1992-04-18,104.94
1992-04-19,104.96
1992-04-20,104.99
1992-04-21,105.03
1992-04-22,105.04
1992-04-23,105.05
1992-04-24,105.06
1992-04-25,105.06
1992-04-26,105.07
1992-04-27,105.09
1992-04-28,105.11
1992-04-29,105.06
1992-05-01,105.04
1992-05-02,105.01
1992-05-03,105.01
1992-05-04,105.01
1992-05-05,105.01
1992-05-06,104.96
1992-05-07,104.95
1992-05-08,104.91
1992-05-09,104.9
1992-05-10,104.88
1992-05-11,104.88
1992-05-12,104.88
1992-05-13,104.84
1992-05-14,104.84
1992-05-15,104.81
1992-05-16,104.81
1992-05-17,104.81
1992-05-18,104.81
1992-05-19,104.71
1992-05-20,104.48
1992-05-21,104.36
1992-05-22,104.24
1992-05-23,104.16
1992-05-24,104.06
1992-05-25,103.96
1992-05-26,103.83
1992-05-27,103.74
1992-05-28,103.65
1992-05-29,103.58
1992-05-30,103.52
1992-05-31,103.47
1992-06-01,103.41
1992-06-02,103.39
1992-06-03,103.29
1992-06-04,103.11
1992-06-05,102.96
1992-06-06,102.83
1992-06-07,102.72
1992-06-08,102.65
1992-06-09,102.58
1992-06-10,102.49
1992-06-11,102.41
1992-06-12,102.34
1992-06-13,102.26
1992-06-14,102.16
1992-06-15,102.05
1992-06-16,101.96
1992-06-17,101.88
1992-06-18,101.81
1992-06-19,101.72
1992-06-20,101.59
1992-06-21,101.46
1992-06-22,101.35
1992-06-23,101.31
1992-06-24,101.31
1992-06-25,101.3
1992-06-26,101.27
1992-06-27,101.23
1992-06-28,101.17
1992-06-29,101.13
1992-06-30,101.11
1992-07-01,101.08
1992-07-02,101.03
1992-07-03,100.98
1992-07-04,100.96
1992-07-05,100.94
1992-07-06,100.88
1992-07-07,100.8
1992-07-08,100.75
1992-07-09,100.69
1992-07-10,100.62
1992-07-11,100.57
1992-07-12,100.52
1992-07-13,100.48
1992-07-14,100.46
1992-07-15,100.45
1992-07-16,100.43
1992-07-17,100.41
1992-07-18,100.4
1992-07-19,100.39
1992-07-20,100.38
1992-07-21,100.36
1992-07-22,100.33
1992-07-23,100.3
1992-07-24,100.29
1992-07-25,100.27
1992-07-26,100.27
1992-07-27,100.27
1992-07-28,100.28
1992-07-29,100.26
1992-07-30,100.24
1992-07-31,100.22
1992-08-01,100.22
1992-08-02,100.2
1992-08-03,100.17
1992-08-04,100.13
1992-08-05,100.11
1992-08-06,100.1
1992-08-07,100.09
1992-08-08,100.08
1992-08-09,100.07
1992-08-10,100.08
1992-08-11,100.08
1992-08-12,100.08
1992-08-13,100.08
1992-08-14,100.08
1992-08-15,100.09
1992-08-16,100.25
1992-08-17,100.33
1992-08-18,100.31
1992-08-19,100.3
1992-08-20,100.29
1992-08-21,100.33
1992-08-22,100.36
1992-08-23,100.39
1992-08-24,100.43
1992-08-25,100.44
1992-08-26,100.45
1992-08-27,100.46
1992-08-28,100.41
1992-08-29,100.36
1992-08-30,100.49
1992-08-31,100.33
1992-09-01,100.26
1992-09-02,100.23
1992-09-03,100.2
1992-09-04,100.15
1992-09-05,100.1
1992-09-06,100.06
1992-09-07,100.02
1992-09-08,100.01
1992-09-09,99.98
1992-09-10,99.96
1992-09-11,99.84
1992-09-12,99.81
1992-09-13,99.75
1992-09-14,99.74
1992-09-15,99.71
1992-09-16,99.71
1992-09-17,99.7
1992-09-18,99.68
1992-09-19,99.66
1992-09-20,99.62
1992-09-21,99.57
1992-09-22,99.54
1992-09-23,99.46
1992-09-24,99.31
1992-09-25,99.2
1992-09-26,99.13
1992-09-27,99.07
1992-09-28,99.01
1992-09-29,98.94
1992-09-30,98.84
1992-10-01,98.76
1992-10-02,98.66
1992-10-03,98.63
1992-10-04,98.56
1992-10-05,98.51
1992-10-06,98.44
1992-10-07,98.44
1992-10-08,98.51
1992-10-09,98.54
1992-10-10,98.56
1992-10-11,98.79
1992-11-06,101.66
1992-11-07,101.66
1992-11-08,101.76
1992-11-09,101.81
1992-11-10,101.86
1992-11-11,101.98
1992-11-12,102.03
1992-11-13,102.05
1992-11-14,102.0
1992-11-15,102.01
1992-11-16,102.01
1992-11-17,101.75
1992-11-18,101.66
1992-11-19,101.65
1992-11-20,101.65
1992-11-21,101.62
1992-11-22,101.65
1992-11-23,101.66
1992-11-24,101.65
1992-11-25,101.66
1992-11-26,101.56
1992-11-27,101.55
1992-11-28,101.48
1992-11-29,101.46
1992-11-30,101.39
1992-12-01,101.34
1992-12-02,101.31
1992-12-03,101.24
1992-12-04,101.21
1992-12-05,101.2
1992-12-06,101.06
1992-12-07,101.12
1992-12-08,101.24
1992-12-09,101.29
1992-12-10,101.29
1992-12-11,101.38
1992-12-12,101.41
1992-12-13,101.46
1992-12-14,101.51
1992-12-15,101.46
1992-12-16,101.56
1992-12-17,101.56
1992-12-18,101.56
1992-12-19,101.51
1992-12-20,101.51
1992-12-21,101.48
1992-12-22,101.43
1992-12-23,101.41
1992-12-24,101.36
1992-12-25,101.41
1992-12-26,101.36
1992-12-27,101.36
1992-12-28,101.31
1992-12-29,101.21
1992-12-30,101.16
1992-12-31,101.06
1993-01-01,101.04
1993-01-02,100.96
1993-01-03,100.96
1993-01-04,100.88
1993-01-05,100.81
1993-01-06,100.76
1993-01-07,100.66
1993-01-08,100.66
1993-01-09,100.61
1993-01-10,100.56
1993-01-11,100.51
1993-01-12,100.47
1993-01-13,100.46
1993-01-14,100.41
1993-01-15,100.37
1993-01-16,100.31
1993-01-17,100.31
1993-01-18,100.28
1993-01-19,100.26
1993-01-20,100.23
1993-01-21,100.19
1993-01-22,100.14
1993-01-23,100.06
1993-01-24,100.01
1993-01-25,99.96
1993-01-26,99.91
1993-01-27,99.87
1993-01-28,99.86
1993-01-29,99.77
1993-01-30,99.75
1993-01-31,99.74
1993-02-01,99.68
1993-02-02,99.65
1993-02-28,98.5
1993-03-01,98.5
1993-03-05,98.41
1993-03-16,97.94
1993-03-17,97.94
1993-03-18,97.94
1993-03-19,97.94
1993-03-20,97.91
1993-03-21,97.92
1993-03-22,97.92
1993-03-23,97.91
1993-03-24,97.92
1993-03-25,97.92
1993-03-26,97.92
1993-03-27,97.91
1993-03-28,97.91
1993-03-29,97.91
1993-03-30,97.9
1993-03-31,97.89
1993-04-01,97.88
1993-04-02,97.86
1993-04-03,97.84
1993-04-04,97.82
1993-04-05,97.81
1993-04-06,97.81
1993-04-07,97.8
1993-04-16,97.8
1993-04-17,97.76
1993-04-18,97.81
1993-04-19,97.81
1993-04-20,97.76
1993-04-21,97.81
1993-04-22,97.76
1993-04-23,97.81
1993-04-24,97.76
1993-04-25,97.86
1993-04-26,98.46
1993-04-27,99.61
1993-04-28,100.36
1993-04-29,101.06
1993-04-30,101.56
1993-05-01,101.96
1993-05-02,102.36
1993-05-03,102.8
1993-05-04,103.06
1993-05-05,103.31
1993-05-06,103.51
1993-05-07,103.66
1993-05-08,103.81
1993-05-09,103.96
1993-05-10,104.11
1993-05-11,104.26
1993-05-12,104.36
1993-05-13,104.41
1993-05-14,104.46
1993-05-15,104.46
1993-05-16,104.46
1993-05-17,104.5
1993-05-18,104.56
1993-05-25,104.56
1993-05-26,104.51
1993-05-27,104.48
1993-05-28,104.46
1993-05-29,104.41
1993-05-30,104.36
1993-05-31,104.34
1993-06-01,104.31
1993-06-09,104.08
1993-06-10,103.96
1993-06-11,103.86
1993-06-12,103.76
1993-06-13,103.66
1993-06-14,103.56
1993-06-15,103.48
1993-06-16,103.44
1993-06-17,103.36
1993-06-18,103.34
1993-06-19,103.29
1993-06-20,103.26
1993-06-21,103.23
1993-06-22,103.18
1993-06-23,103.14
1993-06-24,103.04
1993-06-25,102.91
1993-06-26,102.82
1993-06-27,102.75
1993-06-28,102.68
1993-06-29,102.64
1993-06-30,102.58
1993-07-01,102.48
1993-07-02,102.42
1993-07-03,102.33
1993-07-04,102.24
1993-07-05,102.16
1993-07-06,102.08
1993-07-07,102.0
1993-07-08,101.87
1993-07-09,101.76
1993-07-15,101.36
1993-07-31,100.63
1993-08-01,100.64
1993-08-02,100.65
1993-09-01,99.88
1993-09-02,99.86
1993-09-03,99.84
1993-09-04,99.78
1993-09-05,99.76
1993-09-06,99.74
1993-09-07,99.72
1993-09-08,99.7
1993-09-09,99.66
1993-09-10,99.74
1993-09-11,99.76
1993-09-12,99.71
1993-09-13,99.66
1993-09-14,99.71
1993-09-15,99.66
1993-09-16,99.61
1993-09-17,99.56
1993-09-18,99.51
1993-09-19,99.44
1993-09-20,99.36
1993-09-21,99.26
1993-09-22,99.24
1993-09-23,99.21
1993-09-24,99.18
1993-09-25,100.11
1993-09-26,100.56
1993-09-27,100.86
1993-09-28,101.01
1993-09-29,101.07
1993-09-30,101.09
1993-10-01,101.09
1993-10-02,101.16
1993-10-03,101.36
1993-10-04,101.96
1993-10-05,102.71
1993-10-06,103.16
1993-10-07,103.51
1993-10-08,103.96
1993-10-09,104.56
1993-10-10,106.46
1993-11-02,107.02
1993-11-03,107.06
1993-11-04,107.11
1993-11-05,107.11
1993-11-06,107.06
1993-11-07,107.16
1993-11-08,107.11
1993-11-09,107.06
1993-11-10,107.01
1993-11-11,106.98
1993-11-12,106.96
1993-11-13,106.91
1993-11-14,106.86
1993-11-15,106.81
1993-11-16,106.76
1993-11-17,106.71
1993-11-18,106.66
1993-11-19,106.61
1993-11-20,106.56
1993-11-21,106.54
1993-11-22,106.51
1993-11-23,106.44
1993-11-24,106.36
1993-11-25,106.31
1993-11-26,106.26
1993-11-27,106.24
1993-11-28,106.21
1993-11-29,106.18
1993-11-30,106.14
1993-12-01,106.14
1993-12-02,106.11
1993-12-03,106.06
1993-12-04,106.01
1993-12-05,105.98
1993-12-06,105.96
1993-12-07,105.94
1993-12-08,105.91
1993-12-09,105.88
1993-12-10,105.86
1993-12-11,105.81
1993-12-12,105.76
1993-12-13,105.74
1993-12-14,105.72
1993-12-15,105.7
1993-12-16,105.68
1993-12-17,105.64
1993-12-18,105.58
1993-12-19,105.54
1993-12-20,105.51
1993-12-21,105.48
1993-12-22,105.44
1993-12-23,105.41
1993-12-24,105.36
1993-12-25,105.31
1993-12-26,105.26
1993-12-27,105.24
1993-12-28,105.21
1993-12-29,105.14
1993-12-30,105.11
1993-12-31,105.06
1994-01-01,104.96
1994-01-02,105.01
1994-01-03,105.04
1994-01-04,105.04
1994-01-05,105.04
1994-01-06,105.06
1994-01-07,106.71
1994-01-08,107.58
1994-01-09,107.59
1994-01-10,107.56
1994-01-11,107.67
1994-01-12,107.65
1994-01-13,107.57
1994-01-14,107.56
1994-01-15,107.54
1994-01-16,107.52
1994-01-17,107.47
1994-01-18,107.41
1994-01-19,107.36
1994-01-20,107.33
1994-01-21,107.27
1994-01-22,107.2
1994-01-23,107.17
1994-01-24,107.16
1994-01-25,107.15
1994-01-26,107.15
1994-01-27,107.11
1994-01-28,107.08
1994-01-29,107.05
1994-01-30,107.02
1994-01-31,107.02
1994-02-01,106.99
1994-02-02,106.85
1994-02-03,106.84
1994-02-04,107.08
1994-02-05,107.41
1994-02-06,107.46
1994-02-07,107.41
1994-02-08,107.36
1994-02-09,107.28
1994-02-10,107.24
1994-02-11,107.18
1994-02-12,107.14
1994-02-13,107.11
1994-02-14,107.06
1994-02-15,107.05
1994-02-16,107.01
1994-02-17,106.97
1994-02-18,106.95
1994-02-19,106.89
1994-02-20,106.87
1994-02-21,106.86
1994-02-22,106.84
1994-03-01,106.83
1994-03-02,106.92
1994-03-03,106.91
1994-03-04,106.91
1994-03-05,106.88
1994-03-06,106.88
1994-03-07,106.87
1994-03-08,106.86
1994-03-09,106.86
1994-03-10,106.87
1994-03-11,106.9
1994-03-12,106.91
1994-03-13,106.91
1994-03-14,106.86
1994-03-15,106.86
1994-03-16,106.86
1994-03-17,106.84
1994-03-18,106.78
1994-03-19,106.74
1994-03-20,106.73
1994-03-21,106.72
1994-03-22,106.71
1994-03-23,106.69
1994-03-24,106.71
1994-03-25,106.75
1994-03-26,106.76
1994-03-27,106.73
1994-03-28,106.7
1994-03-29,106.66
1994-03-30,106.66
1994-03-31,106.66
1994-04-01,106.65
1994-04-02,106.58
1994-04-03,106.53
1994-04-04,106.47
1994-04-05,106.45
1994-04-06,106.4
1994-04-07,106.36
1994-04-08,106.31
1994-04-09,106.25
1994-04-10,106.23
1994-04-11,106.2
1994-04-12,106.16
1994-04-13,106.14
1994-04-14,106.12
1994-05-02,106.09
1994-05-03,106.16
1994-05-04,106.25
1994-05-05,106.26
1994-05-06,106.27
1994-05-07,106.31
1994-05-08,106.34
1994-05-09,106.35
1994-05-10,106.26
1994-05-11,106.26
1994-05-12,106.26
1994-05-13,106.26
1994-05-14,106.22
1994-05-15,106.3
1994-05-16,106.28
1994-05-17,106.25
1994-05-18,106.27
1994-05-19,106.26
1994-05-20,106.26
1994-05-21,106.24
1994-05-22,106.21
1994-05-23,106.24
1994-05-24,106.26
1994-05-25,106.31
1994-05-26,106.31
1994-05-27,106.3
1994-05-28,106.25
1994-05-29,106.24
1994-05-30,106.25
1994-05-31,106.25
1994-06-01,106.23
1994-06-09,106.01
1994-06-10,105.92
1994-06-11,105.79
1994-06-12,105.74
1994-06-13,105.69
1994-06-14,105.67
1994-06-15,105.65
1994-06-16,105.63
1994-06-17,105.56
1994-06-18,105.56
1994-06-19,105.54
1994-06-20,105.55
1994-06-21,105.47
1994-06-22,105.42
1994-06-23,105.34
1994-06-24,105.29
1994-06-25,105.23
1994-06-26,105.17
1994-06-27,105.16
1994-06-28,105.08
1994-06-29,105.18
1994-06-30,105.2
1994-07-05,105.36
1994-07-10,105.31
1994-07-12,105.26
1994-07-13,105.16
1994-07-14,104.96
1994-07-15,104.78
1994-07-16,104.66
1994-07-24,103.96
1994-07-31,102.96
1994-08-01,102.83
1994-08-02,102.71
1994-08-06,102.31
1994-08-14,101.66
1994-08-31,100.86
1994-09-01,100.79
1994-09-02,100.73
1994-09-03,100.67
1994-09-04,100.58
1994-09-05,100.53
1994-09-06,100.47
1994-09-07,100.43
1994-09-08,100.39
1994-09-09,100.5
1994-09-10,100.42
1994-09-11,100.54
1994-09-12,100.58
1994-09-13,100.59
1994-09-14,100.64
1994-09-15,100.88
1994-09-16,101.12
1994-09-17,101.17
1994-09-18,101.23
1994-09-19,101.28
1994-09-20,101.3
1994-09-21,101.35
1994-09-22,101.37
1994-09-23,101.4
1994-09-24,102.29
1994-09-25,102.93
1994-09-26,103.29
1994-09-27,104.38
1994-09-28,104.94
1994-09-29,105.26
1994-09-30,105.46
1994-10-01,105.59
1994-10-02,105.78
1994-10-03,105.88
1994-10-04,105.92
1994-10-05,105.81
1994-10-06,105.79
1994-10-07,105.81
1994-10-08,105.79
1994-10-09,105.79
1994-10-10,105.79
1994-10-11,105.78
1994-10-12,105.76
1994-10-13,105.73
1994-10-14,105.72
1994-10-15,105.69
1994-10-16,105.69
1994-10-17,105.66
1994-10-18,105.61
1994-10-19,105.61
1994-10-20,105.71
1994-10-21,105.99
1994-10-22,106.13
1994-10-23,106.26
1994-10-24,106.41
1994-10-25,106.39
1994-10-26,106.38
1994-10-27,106.26
1994-10-28,106.24
1994-10-29,106.46
1994-10-30,106.49
1994-10-31,106.47
1994-11-01,106.42
1994-11-02,106.41
1994-11-03,106.42
1994-11-04,106.56
1994-11-05,109.15
1994-11-06,108.86
1994-11-07,108.24
1994-11-08,108.06
1994-11-09,107.86
1994-11-10,108.18
1994-11-11,107.96
1994-11-12,107.76
1994-11-13,107.58
1994-11-14,107.46
1994-11-15,107.36
1994-11-16,107.3
1994-11-17,107.25
1994-11-20,107.06
1994-12-04,106.62
1994-12-06,106.6
1994-12-17,106.23
1995-01-03,105.65
1995-01-04,105.62
1995-01-18,105.16
1995-01-19,105.25
1995-01-20,105.21
1995-01-21,105.17
1995-01-22,105.18
1995-01-23,105.18
1995-01-24,105.15
1995-01-25,105.1
1995-01-27,105.06
1995-01-28,105.01
1995-02-01,104.92
1995-02-02,104.86
1995-02-03,104.81
1995-02-10,104.66
1995-02-11,104.64
1995-02-12,105.66
1995-02-13,105.67
1995-02-14,105.26
1995-02-15,105.46
1995-02-16,105.42
1995-02-17,105.36
1995-02-18,105.33
1995-02-21,105.19
1995-02-25,105.11
1995-02-26,105.16
1995-02-27,105.11
1995-02-28,105.05
1995-03-01,104.96
1995-03-06,104.92
1995-03-07,104.8
1995-03-08,104.76
1995-03-09,104.69
1995-03-10,104.66
1995-03-11,104.66
1995-03-12,104.67
1995-03-13,104.68
1995-03-14,104.66
1995-03-15,104.66
1995-03-16,104.64
1995-03-17,104.59
1995-03-18,104.56
1995-03-19,104.57
1995-03-20,104.57
1995-03-21,104.51
1995-03-22,104.47
1995-03-23,104.45
1995-03-24,104.44
1995-03-25,104.44
1995-03-26,104.47
1995-03-27,104.48
1995-03-28,104.42
1995-03-29,104.4
1995-04-06,104.26
1995-04-07,104.31
1995-04-08,104.31
1995-04-09,104.32
1995-04-10,104.33
1995-04-11,104.31
1995-04-12,104.25
1995-04-13,104.26
1995-04-14,104.21
1995-04-15,104.21
1995-04-16,104.17
1995-04-17,104.16
1995-04-18,104.16
1995-04-19,104.13
1995-04-20,104.13
1995-04-21,104.11
1995-04-22,104.43
1995-04-23,104.93
1995-04-24,104.41
1995-04-25,105.71
1995-04-26,105.92
1995-04-27,106.01
1995-04-28,106.09
1995-04-29,106.11
1995-04-30,106.12
1995-05-01,106.16
1995-05-02,106.1
1995-05-03,106.08
1995-05-07,106.16
1995-05-10,106.13
1995-05-11,106.06
1995-05-12,106.14
1995-05-13,106.07
1995-05-14,106.04
1995-05-15,105.96
1995-05-16,105.88
1995-05-17,105.88
1995-05-18,105.86
1995-05-19,105.91
1995-05-20,105.86
1995-05-21,105.86
1995-05-22,105.83
1995-05-23,105.76
1995-05-24,105.75
1995-05-25,105.68
1995-05-26,105.78
1995-05-27,105.95
1995-05-31,105.36
1995-06-01,105.89
1995-06-02,105.87
1995-06-03,105.84
1995-06-04,105.81
1995-06-11,105.61
1995-06-16,105.4
1995-06-21,105.26
1995-06-24,105.21
1995-06-27,105.28
1995-07-05,105.04
1995-07-11,104.56
1995-07-12,104.4
1995-07-13,104.26
1995-07-22,103.81
1995-07-27,103.65
1995-07-29,103.56
1995-07-30,103.54
1995-07-31,103.39
1995-08-01,103.3
1995-08-04,103.03
1995-08-05,102.94
1995-08-16,101.76
1995-08-17,101.66
1995-08-18,101.64
1995-08-19,101.65
1995-08-20,101.61
1995-08-28,101.01
1995-08-31,100.76
1995-09-05,100.22
1995-09-14,99.61
1995-09-15,99.56
1995-09-17,99.46
1995-09-19,99.34
1995-09-21,99.34
1995-09-23,99.36
1995-09-25,99.34
1995-10-02,98.95
1995-10-03,98.86
1995-10-04,98.83
1995-10-05,98.78
1995-10-06,99.01
1995-10-07,99.43
1995-10-08,99.81
1995-10-09,100.11
1995-10-10,100.31
1995-10-11,100.48
1995-10-12,100.61
1995-10-13,100.71
1995-10-14,100.8
1995-10-15,100.86
1995-10-16,100.91
1995-10-17,100.94
1995-10-18,100.96
1995-10-19,100.98
1995-10-20,101.24
1995-10-21,101.36
1995-10-22,101.54
1995-11-07,103.02
1995-11-12,103.08
1995-11-13,103.09
1995-11-15,103.15
1995-11-16,103.16
1995-11-17,103.2
1995-11-18,103.21
1995-11-19,103.22
1995-11-20,103.22
1995-11-27,103.15
1995-11-28,103.18
1995-11-29,103.2
1995-12-05,103.3
1995-12-09,102.99
1995-12-11,102.9
1995-12-12,102.86
1995-12-16,102.66
1995-12-17,102.71
1995-12-18,102.81
1995-12-19,102.92
1995-12-20,102.98
1995-12-21,103.02
1995-12-22,103.04
1995-12-23,103.05
1995-12-24,103.21
1995-12-25,103.36
1995-12-26,103.46
1995-12-27,103.56
1995-12-29,103.56
1995-12-30,103.53
1995-12-31,103.6
1996-01-01,103.96
1996-01-02,104.18
1996-01-03,104.3
1996-01-04,104.41
1996-01-05,104.46
1996-01-06,104.54
1996-01-07,104.76
1996-01-08,104.96
1996-01-09,105.11
1996-01-10,105.21
1996-01-11,105.86
1996-01-12,107.88
1996-01-13,107.66
1996-01-14,107.45
1996-01-15,107.31
1996-01-16,107.19
1996-01-17,107.11
1996-01-18,107.04
1996-01-19,106.98
1996-01-20,106.94
1996-01-21,106.91
1996-01-22,106.88
1996-01-23,106.91
1996-01-24,107.36
1996-01-25,107.42
1996-02-07,106.96
1996-02-17,106.65
1996-02-21,106.57
1996-02-29,106.34
1996-03-05,106.16
1996-03-08,106.06
1996-03-09,106.03
1996-03-10,106.05
1996-03-11,106.04
1996-03-12,106.02
1996-03-13,105.98
1996-03-14,105.97
1996-03-15,105.99
1996-03-16,105.99
1996-03-17,105.97
1996-03-18,105.96
1996-03-19,105.95
1996-03-20,105.94
1996-03-21,105.92
1996-03-22,105.9
1996-03-23,105.93
1996-03-24,105.98
1996-03-25,106.06
1996-03-26,106.15
1996-03-27,106.14
1996-03-28,106.11
1996-03-29,106.08
1996-03-30,106.01
1996-03-31,105.98
1996-04-01,105.96
1996-04-02,105.93
1996-04-03,105.96
1996-04-04,105.92
1996-04-10,105.77
1996-04-11,105.78
1996-04-12,105.78
1996-04-13,105.76
1996-04-14,105.78
1996-04-15,105.78
1996-04-16,105.76
1996-04-22,105.68
1996-04-23,105.66
1996-04-24,105.94
1996-04-25,105.99
1996-04-26,105.97
1996-04-27,105.92
1996-05-01,105.86
1996-05-02,106.13
1996-05-03,106.37
1996-05-04,106.28
1996-05-05,106.26
1996-05-06,106.23
1996-05-07,106.11
1996-05-08,106.11
1996-05-09,106.09
1996-05-10,106.07
1996-05-11,106.04
1996-05-12,106.01
1996-05-13,105.98
1996-05-14,105.97
1996-05-15,105.97
1996-05-16,105.96
1996-05-17,105.97
1996-05-18,105.91
1996-05-19,105.87
1996-05-20,106.06
1996-05-21,106.09
1996-05-22,106.11
1996-05-23,106.08
1996-05-24,106.11
1996-05-25,106.13
1996-05-26,106.11
1996-05-27,106.13
1996-05-28,106.1
1996-06-10,105.85
1996-06-12,105.84
1996-06-15,105.76
1996-06-16,105.63
1996-06-17,105.46
1996-06-27,104.98
1996-07-03,104.89
1996-07-09,104.65
1996-07-12,104.56
1996-07-16,104.41
1996-07-17,104.36
1996-07-18,104.26
1996-07-19,104.06
1996-07-20,103.99
1996-07-21,103.87
1996-07-22,103.75
1996-07-25,103.53
1996-07-27,103.44
1996-07-31,103.26
1996-08-07,103.14
1996-08-08,103.06
1996-08-09,102.99
1996-08-10,102.96
1996-08-11,102.97
1996-08-12,102.97
1996-08-13,102.96
1996-08-19,102.85
1996-08-20,102.81
1996-08-21,102.68
1996-08-22,102.64
1996-08-23,102.51
1996-08-25,102.35
1996-08-26,102.27
1996-08-27,102.24
1996-08-28,102.16
1996-08-29,102.06
1996-09-10,101.5
1996-09-21,101.15
1996-09-27,101.01
1996-10-08,100.66
1996-10-09,100.96
1996-10-10,101.35
1996-10-11,101.44
1996-10-12,101.48
1996-10-13,101.56
1996-10-14,101.58
1996-10-15,101.66
1996-10-16,101.68
1996-10-19,101.74
1996-10-22,101.66
1996-10-27,101.59
1996-10-28,101.58
1996-10-31,101.46
1996-11-06,101.07
1996-11-07,101.04
1996-11-08,100.98
1996-11-09,100.91
1996-11-10,100.89
1996-11-11,100.89
1996-11-12,102.46
1996-11-13,104.16
1996-11-14,105.31
1996-11-15,105.74
1996-11-16,106.06
1996-11-17,106.26
1996-11-18,106.76
1996-11-19,106.59
1996-11-20,106.43
1996-11-21,106.3
1996-11-27,105.96
1996-11-28,105.95
1996-11-29,105.91
1996-11-30,105.89
1996-12-01,105.93
1996-12-02,105.98
1996-12-03,106.55
1996-12-04,106.58
1996-12-05,106.6
1996-12-13,106.66
1996-12-14,107.26
1996-12-15,107.08
1996-12-16,106.96
1996-12-17,106.83
1996-12-18,106.86
1996-12-19,106.81
1996-12-20,107.16
1996-12-21,107.09
1996-12-22,107.1
1996-12-23,107.16
1996-12-24,107.36
1996-12-25,107.38
1996-12-26,107.26
1996-12-27,107.15
1996-12-28,107.06
1996-12-29,107.01
1996-12-30,106.95
1996-12-31,106.9
1997-01-01,106.87
1997-01-02,106.85
1997-01-03,107.44
1997-01-04,107.82
1997-01-07,106.31
1997-01-17,105.96
1997-01-18,105.94
1997-01-19,105.94
1997-01-20,106.16
1997-01-21,106.34
1997-01-24,106.26
1997-01-30,105.96
1997-02-03,105.86
1997-02-04,105.86
1997-02-06,105.81
1997-02-11,105.65
1997-02-25,105.61
1997-02-28,105.58
1997-03-01,105.56
1997-03-02,105.56
1997-03-03,105.53
1997-03-06,105.56
1997-03-07,105.56
1997-03-13,105.47
1997-03-21,105.45
1997-03-27,105.36
1997-04-02,105.26
1997-04-08,105.36
1997-04-10,105.37
1997-04-16,105.36
1997-04-17,105.36
1997-04-18,105.33
1997-04-19,105.31
1997-04-20,105.28
1997-04-21,105.27
1997-04-22,105.26
1997-04-23,105.24
1997-04-24,105.24
1997-04-25,105.17
1997-04-26,105.17
1997-04-27,105.21
1997-04-28,105.28
1997-04-29,105.29
1997-04-30,105.29
1997-05-01,105.28
1997-05-02,105.26
1997-05-03,105.27
1997-05-04,105.31
1997-05-05,105.36
1997-05-06,105.28
1997-05-07,105.31
1997-05-08,105.23
1997-05-09,105.21
1997-05-10,105.15
1997-05-11,105.12
1997-05-12,105.12
1997-05-13,105.12
1997-05-14,105.29
1997-05-15,105.31
1997-05-16,105.34
1997-05-17,105.36
1997-05-18,105.38
1997-05-19,105.41
1997-05-20,105.41
1997-05-21,105.4
1997-05-22,105.36
1997-05-23,105.34
1997-05-24,105.34
1997-05-25,105.33
1997-05-26,105.36
1997-05-27,105.41
1997-05-28,105.42
1997-05-29,105.43
1997-05-30,105.43
1997-05-31,105.43
1997-06-01,105.44
1997-06-02,105.41
1997-06-03,105.35
1997-06-04,105.31
1997-06-05,105.34
1997-06-06,105.58
1997-06-07,105.5
1997-06-08,105.46
1997-06-09,105.46
1997-06-10,105.44
1997-06-11,105.39
1997-06-12,105.38
1997-06-13,105.37
1997-06-28,105.06
1997-06-29,105.26
1997-06-30,105.26
1997-07-01,105.11
1997-07-02,105.06
1997-07-03,104.96
1997-07-04,104.96
1997-07-05,105.08
1997-07-06,105.06
1997-07-07,105.04
1997-07-08,105.02
1997-07-09,104.97
1997-07-10,104.92
1997-07-11,104.94
1997-07-12,104.86
1997-07-13,104.72
1997-07-14,104.66
1997-07-15,104.59
1997-07-16,104.56
1997-07-17,104.54
1997-07-18,104.46
1997-07-19,104.36
1997-07-20,104.31
1997-07-24,104.24
1997-07-25,104.16
1997-07-26,104.1
1997-07-28,104.01
1997-07-29,103.9
1997-07-30,103.81
1997-07-31,103.76
1997-08-04,103.65
1997-08-05,103.61
1997-08-06,103.56
1998-01-13,105.83
1998-02-11,105.4
1998-02-12,105.43
1998-02-13,105.45
1998-02-18,105.46
1998-02-22,105.45
1998-02-23,105.47
1998-02-24,105.42
1998-02-25,105.37
1998-02-26,105.36
1998-03-02,105.36
1998-03-03,105.34
1998-03-04,105.27
1998-03-07,105.26
1998-03-09,105.26
1998-03-10,105.21
1998-03-11,105.21
1998-03-12,105.16
1998-03-13,105.16
1998-03-14,105.12
1998-03-21,105.12
1998-03-22,105.14
1998-03-23,105.11
1998-03-24,105.07
1998-03-25,105.06
1998-03-28,105.0
1998-03-29,105.13
1998-03-30,105.05
1998-03-31,105.06
1998-04-01,105.12
1998-04-02,105.08
1998-04-03,105.1
1998-04-04,105.12
1998-04-06,105.13
1998-04-07,105.09
1998-04-08,105.08
1998-04-09,105.06
1998-04-10,105.18
1998-04-11,105.32
1998-04-12,105.38
1998-04-14,105.32
1998-04-15,105.32
1998-04-16,105.45
1998-04-17,105.49
1998-04-18,105.48
1998-04-19,105.47
1998-04-21,105.47
1998-04-22,105.57
1998-04-23,105.58
1998-04-24,105.58
1998-04-25,105.6
1998-04-26,105.68
1998-04-27,105.7
1998-04-28,105.76
1998-04-29,105.68
1998-04-30,105.88
1998-05-01,105.96
1998-05-03,105.89
1998-05-04,105.86
1998-05-05,105.82
1998-05-06,105.77
1998-05-07,105.79
1998-05-08,105.8
1998-05-09,105.82
1998-05-10,105.83
1998-05-11,105.89
1998-05-12,105.93
1998-05-17,105.91
1998-05-18,105.84
1998-05-19,105.78
1998-05-20,105.75
1998-05-21,105.68
1998-05-22,105.67
1998-05-23,105.66
1998-05-24,105.68
1998-05-25,105.72
1998-05-26,105.66
1998-05-27,105.65
1998-05-28,105.66
1998-05-29,106.67
1998-05-30,106.43
1998-05-31,106.24
1998-06-01,106.15
1998-06-02,106.07
1998-06-03,106.11
1998-06-04,106.09
1998-06-05,106.07
1998-06-06,106.08
1998-06-07,106.19
1998-06-08,106.16
1998-06-09,106.06
1998-06-10,106.01
1998-06-11,106.11
1998-06-12,105.98
1998-06-13,105.88
1998-06-14,105.84
1998-06-15,105.78
1998-06-16,105.74
1998-06-17,105.7
1998-06-18,105.66
1998-06-19,105.65
1998-06-20,105.62
1998-06-21,105.62
1998-06-22,105.6
1998-06-23,105.58
1998-06-24,105.56
1998-06-25,105.55
1998-06-26,105.51
1998-06-27,105.47
1998-06-28,105.46
1998-06-29,105.44
1998-07-08,105.35
1998-07-19,105.16
1998-07-20,105.16
1998-08-02,105.13
1998-08-03,105.18
1998-08-04,105.14
1998-08-05,105.04
1998-08-15,104.94
1998-08-16,104.91
1998-08-17,104.91
1998-08-18,104.86
1998-08-19,104.78
1998-08-20,104.71
1998-08-21,104.66
1998-08-27,104.55
1998-08-28,104.51
1998-08-29,104.48
1998-08-30,104.47
1998-08-31,104.46
1998-09-04,104.45
1998-09-05,104.46
1998-09-06,104.33
1998-09-07,104.28
1998-09-08,104.59
1998-09-09,104.51
1998-09-10,104.48
1998-09-11,104.46
1998-09-12,104.53
1998-09-13,104.46
1998-09-14,104.41
1998-09-15,104.37
1998-09-16,104.36
1998-09-19,104.33
1998-09-20,104.34
1998-09-26,104.29
1998-09-27,104.31
1998-09-28,104.28
1998-09-29,104.26
1998-09-30,104.28
1998-10-01,104.32
1998-10-02,104.3
1998-10-03,104.28
1998-10-04,104.27
1998-10-05,104.27
1998-10-06,104.28
1998-10-07,104.28
1998-10-08,104.25
1998-10-09,104.24
1998-10-10,104.28
1998-10-11,104.28
1998-10-12,104.26
1998-10-13,104.24
1998-10-14,104.23
1998-10-15,104.22
1998-10-16,104.2
1998-10-17,104.2
1998-10-19,104.2
1998-10-20,104.19
1998-10-21,104.19
1998-10-23,104.18
1998-10-24,104.16
1998-10-25,104.17
1998-10-26,104.17
1998-10-27,104.15
1998-10-28,103.89
1998-10-29,103.86
1998-10-30,103.84
1998-10-31,103.78
1998-11-01,103.81
1998-11-02,103.78
1998-11-03,103.77
1998-11-04,103.83
1998-11-05,103.86
1998-11-06,103.81
1998-11-07,103.76
1998-11-08,103.74
1998-11-09,103.71
1998-11-10,103.67
1998-11-11,103.66
1998-11-12,103.64
1998-11-13,103.61
1998-11-14,103.56
1998-11-15,103.54
1998-11-16,103.53
1998-11-17,103.47
1998-11-18,103.46
1998-11-19,103.41
1998-11-20,103.38
1998-11-21,103.34
1998-11-22,103.29
1998-11-23,103.26
1998-11-24,103.25
1998-11-27,103.23
1998-12-01,103.1
1998-12-02,103.11
1998-12-03,103.08
1998-12-07,103.01
1998-12-11,102.93
1998-12-12,102.86
1998-12-16,102.84
1998-12-17,102.8
1998-12-18,102.77
1998-12-19,102.71
1998-12-20,102.73
1998-12-24,102.65
1998-12-25,102.61
1998-12-26,102.56
1998-12-28,102.44
1999-01-01,102.44
1999-01-02,100.42
1999-01-03,102.42
1999-01-08,102.3
1999-01-09,102.26
1999-01-13,102.26
1999-01-14,102.22
1999-01-15,102.17
1999-01-16,102.14
1999-01-17,102.11
1999-01-18,102.13
1999-01-19,102.15
1999-01-22,102.06
1999-01-23,102.03
1999-01-27,101.96
1999-02-03,101.75
1999-02-04,101.71
1999-02-06,101.66
1999-02-10,101.61
1999-02-11,101.6
1999-02-12,101.56
1999-02-14,101.47
1999-02-18,101.46
1999-02-19,101.42
1999-02-21,101.36
1999-02-25,101.36
1999-02-28,101.32
1999-03-03,101.41
1999-03-04,101.44
1999-03-05,101.54
1999-03-06,101.56
1999-03-15,101.76
1999-03-19,101.91
1999-03-26,101.97
1999-03-27,102.36
1999-03-28,103.55
1999-03-29,104.16
1999-03-30,104.46
1999-03-31,104.74
1999-04-01,104.86
1999-04-02,104.96
1999-04-03,105.04
1999-04-04,105.12
1999-04-05,105.21
1999-04-06,105.26
1999-04-07,105.31
1999-04-08,105.36
1999-04-09,105.36
1999-04-10,105.31
1999-04-11,105.33
1999-04-12,105.37
1999-04-13,105.37
1999-04-14,105.36
1999-04-15,105.36
1999-04-16,105.38
1999-04-17,105.37
1999-04-18,105.35
1999-04-19,105.32
1999-04-20,105.31
1999-04-21,105.29
1999-04-22,105.46
1999-04-24,105.46
1999-04-25,105.48
1999-04-26,105.48
1999-04-27,105.47
1999-04-28,105.53
1999-05-01,105.53
1999-05-03,105.59
1999-05-04,106.21
1999-05-05,106.33
1999-05-06,106.21
1999-05-07,106.16
1999-05-11,106.03
1999-05-12,106.11
1999-05-13,106.16
1999-05-14,106.15
1999-05-15,106.09
1999-05-16,106.01
1999-05-18,105.91
1999-05-20,105.91
1999-05-21,105.86
1999-05-22,105.81
1999-05-24,105.84
1999-05-26,105.81
1999-05-29,105.83
1999-06-02,105.75
1999-06-10,105.54
1999-06-11,105.57
1999-06-15,105.44
1999-06-16,105.44
1999-06-29,105.24
1999-06-30,105.22
1999-07-01,105.11
1999-07-02,105.06
1999-07-03,105.03
1999-07-04,105.02
1999-07-05,104.91
1999-07-08,104.83
1999-07-09,104.75
1999-07-10,104.71
1999-07-11,104.57
1999-07-12,104.45
1999-07-13,104.33
1999-07-14,104.29
1999-07-17,104.16
1999-07-18,104.03
1999-07-19,103.75
1999-07-20,103.52
1999-07-21,103.36
1999-07-22,103.25
1999-07-23,103.18
1999-07-24,103.11
1999-07-28,102.93
1999-07-29,102.83
1999-08-04,101.96
1999-08-08,101.51
1999-08-15,100.96
1999-08-26,100.44
1999-09-03,100.12
1999-09-07,99.74
1999-09-14,99.24
1999-09-19,98.98
1999-09-20,100.01
1999-09-21,101.96
1999-09-22,102.64
1999-09-23,103.06
1999-09-24,103.52
1999-09-25,103.86
1999-09-26,104.11
1999-09-27,104.33
1999-09-28,104.51
1999-09-29,104.71
1999-09-30,104.81
1999-10-21,106.34
1999-10-22,106.06
1999-10-24,106.96
1999-10-26,106.64
1999-10-27,106.41
1999-10-28,106.13
1999-10-29,106.0
1999-10-30,105.88
1999-11-01,105.81
1999-11-03,105.72
1999-11-04,105.71
1999-11-12,105.42
1999-11-13,105.41
1999-11-14,105.58
1999-11-15,105.54
1999-11-26,105.42
1999-12-01,105.38
1999-12-29,105.24
1999-12-30,105.2
1999-12-31,105.16
2000-01-05,105.14
2000-01-09,105.02
2000-01-27,104.95
2000-02-02,105.01
2000-02-06,104.99
2000-02-11,104.97
2000-02-13,104.96
2000-02-17,104.91
2000-02-21,104.86
2000-02-25,104.81
2000-03-02,104.77
2000-03-03,104.74
2000-03-05,104.72
2000-03-07,104.7
2000-03-09,104.73
2000-03-12,104.77
2000-03-17,104.77
2000-03-21,104.76
2000-03-24,104.75
2000-03-27,104.76
2000-03-28,104.73
2000-03-30,104.72
2000-04-01,104.7
2000-04-03,104.72
2000-04-04,104.78
2000-04-05,104.9
2000-04-06,104.9
2000-04-07,104.86
2000-04-08,104.84
2000-04-14,104.81
2000-04-15,104.83
2000-04-16,104.93
2000-04-17,105.06
2000-04-18,105.31
2000-04-19,105.22
2000-04-21,105.16
2000-04-22,105.18
2000-04-23,105.24
2000-04-24,105.37
2000-04-25,105.34
2000-04-27,105.31
2000-04-28,105.34
2000-04-29,105.73
2000-04-30,105.61
2000-05-02,105.48
2000-05-03,105.5
2000-05-04,105.44
2000-05-08,105.36
2000-05-09,105.36
2000-05-10,105.41
2000-05-11,105.49
2000-05-12,105.71
2000-05-13,105.56
2000-05-14,105.51
2000-05-15,105.47
2000-05-19,105.37
2000-05-23,105.26
2000-05-30,105.07
2000-06-04,105.09
2000-06-05,105.07
2000-06-06,105.0
2000-06-07,105.07
2000-06-10,104.95
2000-06-11,105.21
2000-06-12,105.38
2000-06-13,105.82
2000-06-14,105.58
2000-06-15,105.41
2000-06-16,105.26
2000-06-17,105.21
2000-06-20,105.04
2000-06-28,104.78
2000-06-30,104.76
2000-07-02,104.76
2000-07-03,104.71
2000-07-06,104.55
2000-07-10,104.46
2000-07-11,104.46
2000-07-23,104.31
2000-07-24,104.51
2000-07-25,104.26
2000-07-27,104.08
2000-08-04,103.82
2000-08-06,103.71
2000-08-09,103.46
2000-08-10,103.36
2000-08-12,103.16
2000-08-13,102.96
2000-08-14,102.66
2000-08-18,102.11
2000-08-19,102.07
2000-08-23,102.01
2000-08-26,101.91
2000-08-28,101.86
2000-08-30,101.89
2000-10-04,100.71
2000-10-05,100.76
2000-10-06,100.78
2000-10-07,100.76
2000-10-09,100.71
2000-10-11,100.76
2000-10-12,101.14
2000-10-13,101.5
2000-10-14,101.62
2000-10-15,103.01
2000-10-16,104.73
2000-10-17,105.49
2000-10-18,105.58
2000-10-20,105.53
2000-10-22,105.48
2000-10-25,105.52
2000-10-27,105.52
2000-10-29,105.48
2000-10-30,105.48
2000-10-31,105.56
2000-11-01,105.76
2000-11-02,105.63
2000-11-03,105.72
2000-11-04,105.84
2000-11-05,105.74
2000-11-06,106.46
2000-11-07,106.91
2000-11-08,106.46
2000-11-09,106.26
2000-11-11,106.08
2000-11-13,106.0
2000-11-14,106.94
2000-11-15,106.71
2000-11-16,106.46
2000-11-17,106.08
2000-11-18,106.84
2000-11-19,106.55
2000-11-20,106.36
2000-11-22,106.21
2000-11-23,106.26
2000-11-24,108.04
2000-11-25,107.32
2000-11-26,106.94
2000-11-27,106.76
2000-11-29,106.49
2000-12-01,106.39
2000-12-02,106.34
2000-12-03,106.51
2000-12-04,106.41
2000-12-06,106.27
2000-12-07,106.27
2000-12-08,106.33
2000-12-09,106.33
2000-12-13,106.11
2000-12-24,105.81
2000-12-25,106.46
2000-12-27,106.31
2000-12-29,106.21
2001-01-01,106.01
2001-01-02,106.06
2001-01-04,106.17
2001-01-05,106.16
2001-01-06,106.37
2001-01-07,106.95
2001-01-08,106.56
2001-01-09,106.36
2001-01-10,106.21
2001-01-11,106.14
2001-01-12,106.08
2001-01-13,106.2
2001-01-14,106.15
2001-01-15,106.06
2001-01-16,105.96
2001-01-17,105.91
2001-01-18,105.86
2001-01-20,105.81
2001-01-21,105.76
2001-01-23,105.72
2001-01-24,105.71
2001-01-25,105.86
2001-01-26,105.84
2001-01-27,105.77
2001-01-28,105.76
2001-01-29,105.71
2001-01-30,105.66
2001-01-31,105.63
2001-02-04,105.53
2001-02-07,105.46
2001-02-09,105.52
2001-02-11,105.45
2001-02-21,105.29
2001-02-26,105.26
2001-02-28,105.24
2001-03-02,105.24
2001-03-03,105.56
2001-03-04,105.66
2001-03-05,105.86
2001-03-06,105.79
2001-03-08,105.76
2001-03-09,106.26
2001-03-11,105.91
2001-03-16,105.73
2001-03-17,105.86
2001-03-18,105.98
2001-03-19,105.81
2001-03-21,105.66
2001-03-22,105.74
2001-03-23,105.85
2001-03-24,105.81
2001-03-25,105.76
2001-03-29,105.56
2001-03-30,105.58
2001-04-01,105.46
2001-04-03,105.45
2001-04-06,105.38
2001-04-07,105.43
2001-04-08,105.41
2001-04-09,105.36
2001-04-15,105.26
2001-04-19,105.21
2001-04-22,105.15
2001-04-24,105.09
2001-04-25,105.16
2001-04-26,105.21
2001-04-28,105.18
2001-04-29,105.18
2001-04-30,105.26
2001-05-01,105.58
2001-05-02,106.31
2001-05-03,106.39
2001-05-04,106.02
2001-05-05,105.86
2001-05-06,105.71
2001-05-07,105.64
2001-05-08,105.58
2001-05-09,105.62
2001-05-10,105.56
2001-05-12,105.63
2001-05-13,105.6
2001-05-14,105.6
2001-05-15,105.57
2001-05-17,105.53
2001-05-18,105.66
2001-05-19,105.68
2001-05-20,105.65
2001-05-21,105.61
2001-05-23,105.56
2001-05-25,105.58
2001-05-27,105.66
2001-06-01,105.66
2001-06-02,105.58
2001-06-03,105.46
2001-06-08,105.33
2001-06-10,105.33
2001-06-14,105.16
2001-06-15,105.18
2001-06-17,105.26
2001-06-18,105.23
2001-06-20,105.15
2001-06-24,105.08
2001-07-03,105.03
2001-07-15,104.86
2001-07-16,104.93
2001-07-17,104.78
2001-07-19,104.69
2001-07-25,104.63
2001-07-26,104.61
2001-07-27,104.41
2001-07-29,104.26
2001-08-02,104.09
2001-08-07,103.9
2001-08-17,103.76
2001-08-26,103.65
2001-08-27,103.66
2001-08-28,103.46
2001-08-30,103.36
2001-09-06,103.17
2001-09-11,103.06
2001-09-22,102.66
2001-09-23,102.69
2001-09-24,102.66
2001-09-25,102.56
2001-09-27,102.41
2001-09-30,102.31
2001-10-04,102.11
2001-10-20,101.66
2001-10-21,101.94
2001-10-22,101.96
2001-10-29,101.86
2001-11-02,101.83
2001-11-03,101.76
2001-11-05,101.73
2001-11-09,101.73
2001-11-11,101.66
2001-11-15,101.56
2001-11-25,101.16
2001-11-30,100.96
2001-12-04,100.85
2001-12-07,100.81
2001-12-10,100.71
2001-12-13,100.51
2001-12-30,100.04
2002-01-01,100.11
2002-01-04,100.05
2002-01-05,100.01
2002-01-06,99.99
2002-01-07,99.99
2002-01-09,100.03
2002-01-14,100.06
2002-01-16,100.22
2002-01-23,100.44
2002-01-26,100.62
2002-02-02,100.96
2002-02-07,101.2
2002-02-10,101.14
2002-02-14,101.17
2002-02-16,101.36
2002-02-21,101.46
2002-02-23,101.42
2002-03-05,101.56
2002-03-07,101.58
2002-03-09,101.71
2002-03-12,101.73
2002-03-14,101.76
2002-03-19,101.76
2002-03-22,101.86
2002-03-24,101.86
2002-03-28,101.76
2002-04-03,101.62
2002-04-09,101.56
2002-04-12,101.64
2002-04-17,101.78
2002-04-18,101.75
2002-04-27,101.8
2002-04-29,101.82
2002-05-01,101.84
2002-05-02,101.81
2002-05-03,102.98
2002-05-04,103.46
2002-05-05,103.66
2002-05-09,103.96
2002-05-10,104.42
2002-05-11,104.56
2002-05-13,104.74
2002-05-19,104.96
2002-05-22,104.93
2002-05-23,104.96
2002-05-24,105.16
2002-05-28,104.81
2002-05-29,104.74
2002-06-04,104.56
2002-06-05,104.94
2002-06-06,104.92
2002-06-07,104.95
2002-06-10,104.71
2002-06-12,104.61
2002-06-16,104.46
2002-06-26,104.21
2002-07-13,103.86
2002-07-15,103.86
2002-07-16,104.21
2002-07-18,104.06
2002-07-19,103.96
2002-07-20,103.74
2002-07-21,103.63
2002-07-26,103.46
2002-08-06,102.4
2002-08-08,102.26
2002-08-09,102.21
2002-08-12,101.85
2002-08-16,101.57
2002-08-18,101.36
2002-08-25,100.31
2002-08-26,100.41
2002-08-27,100.61
2002-09-01,100.46
2002-09-04,100.32
2002-09-10,100.26
2002-09-13,100.26
2002-09-15,100.16
2002-09-20,99.84
2002-09-28,99.36
2002-10-04,99.06
2002-10-08,98.89
2002-10-10,98.82
2002-10-12,99.31
2002-10-14,100.2
2002-10-17,100.84
2002-10-19,101.0
2002-10-21,101.2
2002-10-23,101.5
2002-10-30,101.73
2002-11-04,101.86
2002-11-08,101.82
2002-11-13,101.71
2002-11-14,101.76
2002-11-15,104.46
2002-11-16,105.66
2002-11-17,106.56
2002-11-18,106.36
2002-11-19,106.21
2002-11-21,106.09
2002-11-22,106.33
2002-11-23,106.21
2002-11-24,106.61
2002-11-25,107.06
2002-11-26,107.36
2002-11-27,107.34
2002-11-28,107.04
2002-11-29,106.92
2002-12-03,106.41
2002-12-05,106.23
2002-12-09,106.08
2002-12-10,106.11
2002-12-11,106.16
2002-12-26,105.82
2002-12-27,106.21
2002-12-29,106.02
2002-12-31,105.96
2003-01-07,105.85
2003-01-20,105.64
2003-01-21,105.76
2003-01-30,105.56
2003-02-03,105.47
2003-02-04,105.51
2003-02-05,105.49
2003-02-07,105.43
2003-02-14,105.37
2003-02-24,105.26
2003-03-07,105.22
2003-03-12,105.21
2003-03-14,105.24
2003-03-21,105.14
2003-03-22,105.16
2003-03-23,105.11
2003-03-27,105.16
2003-03-29,105.12
2003-04-02,105.15
2003-04-05,105.16
2003-04-09,105.18
2003-04-13,105.28
2003-04-14,105.26
2003-04-19,105.26
2003-04-20,105.44
2003-04-21,105.54
2003-04-24,105.51
2003-04-29,105.53
2003-04-30,105.58
2003-05-01,105.76
2003-05-06,105.68
2003-05-07,105.75
2003-05-09,105.77
2003-05-10,105.71
2003-05-14,105.66
2003-05-17,105.51
2003-05-19,105.45
2003-05-21,105.48
2003-05-23,105.46
2003-05-26,105.47
2003-05-30,105.46
2003-06-01,105.41
2003-06-02,105.41
2003-06-03,105.31
2003-06-10,105.08
2003-06-11,104.96
2003-06-13,104.9
2003-06-14,104.94
2003-06-15,104.76
2003-06-18,104.7
2003-06-19,104.56
2003-06-22,104.51
2003-06-23,104.51
2003-06-26,104.37
2003-06-27,104.36
2003-06-30,104.16
2003-07-09,103.96
2003-07-13,103.82
2003-07-18,103.66
2003-07-24,103.56
2003-07-26,103.52
2003-07-30,103.54
2003-08-02,103.56
2003-08-05,103.55
2003-08-06,103.57
2003-08-07,103.43
2003-08-08,103.26
2003-08-10,102.76
2003-08-12,102.58
2003-08-13,102.56
2003-08-14,102.28
2003-08-17,101.92
2003-08-21,101.76
2003-08-26,101.33
2003-08-27,101.28
2003-08-28,101.38
2003-08-29,101.46
2003-09-02,101.53
2003-09-08,101.36
2003-09-10,101.53
2003-09-15,101.39
2003-09-19,100.98
2003-09-28,100.56
2003-09-29,100.61
2003-10-01,100.49
2003-10-02,100.53
2003-10-10,100.16
2003-10-16,99.96
2003-10-18,99.98
2003-10-19,99.96
2003-10-20,100.01
2003-10-22,100.46
2003-10-23,100.53
2003-10-29,100.39
2003-10-31,100.11
2003-11-01,103.51
2003-11-02,104.14
2003-11-03,104.32
2003-11-09,105.26
2003-11-21,105.56
2003-11-25,105.66
2003-11-27,105.66
2003-11-28,105.94
2003-11-29,105.86
2003-12-01,105.96
2003-12-02,106.44
2003-12-03,106.44
2003-12-05,106.21
2003-12-16,105.64
2003-12-20,105.56
2003-12-29,105.63
2003-12-31,105.65
2004-01-02,105.56
2004-01-06,105.52
2004-01-12,105.5
2004-01-13,105.52
2004-01-14,105.63
2004-01-17,105.52
2004-01-31,105.31
2004-02-05,105.3
2004-02-10,105.31
2004-02-21,105.26
2004-02-22,105.96
2004-02-23,106.04
2004-03-03,105.57
2004-03-14,105.46
2004-03-22,105.71
2004-03-30,105.51
2004-04-03,105.45
2004-04-07,105.45
2004-04-16,105.39
2004-04-22,105.38
2004-04-25,105.48
2004-04-28,105.45
2004-05-01,105.62
2004-05-03,105.51
2004-05-04,105.7
2004-05-06,105.73
2004-05-10,105.56
2004-05-14,105.52
2004-05-16,105.56
2004-05-20,105.76
2004-05-27,105.63
2004-06-05,105.58
2004-06-16,105.46
2004-06-23,105.28
2004-06-25,105.31
2004-06-28,105.26
2004-07-01,105.25
2004-07-04,105.25
2004-07-06,105.21
2004-07-08,105.21
2004-07-10,105.26
2004-07-12,105.06
2004-07-14,104.96
2004-07-16,104.86
2004-07-18,104.86
2004-07-20,104.81
2004-07-22,104.71
2004-07-24,104.76
2004-07-26,104.76
2004-07-28,104.71
2004-07-30,104.66
2004-08-02,104.6
2004-08-04,104.48
2004-08-09,104.0
2004-08-19,103.7
2004-08-26,103.5
2004-08-31,103.3
2004-09-02,103.62
2004-09-05,103.6
2004-09-07,103.37
2004-09-08,103.36
2004-09-11,103.35
2004-09-13,103.36
2004-09-14,103.33
2004-09-15,103.36
2004-09-19,103.26
2004-09-20,103.31
2004-09-24,103.17
2004-09-26,103.22
2004-09-29,103.11
2004-10-01,103.07
2004-10-06,103.07
2004-10-08,103.01
2004-10-12,103.03
2004-10-14,102.96
2004-10-20,102.86
2004-10-22,102.96
2004-10-26,102.86
2004-10-28,102.66
2004-10-29,103.09
2004-10-30,104.01
2004-10-31,104.23
2004-11-01,104.56
2004-11-03,104.83
2004-11-19,104.19
2004-11-26,104.06
2004-11-28,103.99
2004-11-29,104.01
2004-11-30,104.08
2004-12-02,104.03
2004-12-04,104.23
2004-12-09,104.16
2004-12-12,104.06
2004-12-20,103.83
2004-12-25,103.66
2004-12-27,103.76
2004-12-29,103.74
2005-03-15,100.38
2005-03-16,100.43
2005-03-17,100.48
2005-03-18,100.54
2005-03-19,100.58
2005-03-20,100.64
2005-03-21,100.71
2005-03-22,100.77
2005-03-23,100.83
2005-03-24,100.9
2005-03-25,100.99
2005-03-26,101.03
2005-03-27,101.08
2005-03-28,101.13
2005-03-29,101.16
2005-03-30,101.19
2005-03-31,101.21
2005-04-01,101.2
2005-04-02,101.14
2005-04-03,101.14
2005-04-04,101.13
2005-04-05,101.11
2005-04-06,101.09
2005-04-07,101.05
2005-04-08,101.04
2005-04-09,101.02
2005-04-10,101.0
2005-04-11,100.98
2005-04-12,100.94
2005-04-13,100.95
2005-04-14,100.95
2005-04-15,100.96
2005-04-16,100.95
2005-04-17,101.01
2005-04-18,101.07
2005-04-19,101.07
2005-04-20,101.09
2005-04-21,101.07
2005-04-22,101.06
2005-04-23,101.05
2005-04-24,101.05
2005-04-25,101.12
2005-04-26,101.2
2005-04-27,101.27
2005-04-28,101.32
2005-04-30,101.44
2005-05-01,101.51
2005-05-02,101.57
2005-05-03,101.61
2005-05-04,101.65
2005-05-05,101.66
2005-05-06,101.66
2005-05-07,101.65
2005-05-08,101.63
2005-05-09,101.64
2005-05-10,101.63
2005-05-11,101.62
2005-05-12,101.62
2005-05-13,101.6
2005-05-14,101.59
2005-05-15,101.6
2005-05-16,101.61
2005-05-17,101.6
2005-05-18,101.62
2005-05-19,101.64
2005-05-20,101.63
2005-05-21,101.62
2005-05-22,101.63
2005-05-23,101.63
2005-05-24,101.63
2005-05-25,101.62
2005-05-26,101.61
2005-05-27,101.62
2005-05-28,101.65
2005-05-29,101.67
2005-05-30,101.67
2005-05-31,101.65
2005-06-01,101.64
2005-06-02,101.62
2005-06-03,101.45
2005-06-04,101.34
2005-06-05,101.27
2005-06-06,101.22
2005-06-07,101.16
2005-06-08,101.1
2005-06-09,101.04
2005-06-10,100.97
2005-06-11,100.91
2005-06-12,100.85
2005-06-13,100.82
2005-06-14,100.8
2005-06-15,100.76
2005-06-16,100.72
2005-06-17,100.67
2005-06-18,100.62
2005-06-19,100.58
2005-06-20,100.47
2005-06-21,100.2
2005-06-22,99.98
2005-06-23,99.79
2005-06-24,99.64
2005-06-25,99.49
2005-06-26,99.33
2005-06-27,99.21
2005-06-28,99.1
2005-06-29,99.01
2005-06-30,98.93
2005-07-01,98.85
2005-07-02,98.75
2005-07-03,98.64
2005-07-04,98.56
2005-07-05,98.47
2005-07-06,98.36
2005-07-07,98.23
2005-07-08,98.11
2005-07-09,98.04
2005-07-10,97.97
2005-07-11,97.88
2005-07-12,97.79
2005-07-13,97.71
2005-07-14,97.61
2005-07-15,97.54
2005-07-16,97.43
2005-07-17,97.36
2005-07-18,97.27
2005-07-19,97.2
2005-07-20,97.11
2005-07-21,97.06
2005-07-22,96.98
2005-07-23,96.91
2005-07-24,96.83
2005-07-25,96.77
2005-07-26,96.72
2005-07-27,96.66
2005-07-28,96.61
2005-07-29,96.55
2005-07-30,96.49
2005-07-31,96.44
2005-08-01,96.39
2005-08-02,96.34
2005-08-03,96.29
2005-08-04,96.25
2005-08-05,96.2
2005-08-06,96.15
2005-08-07,96.1
2005-08-08,96.05
2005-08-09,96.0
2005-08-10,95.94
2005-08-11,95.89
2005-08-12,95.84
2005-08-13,95.79
2005-08-14,95.74
2005-08-15,95.69
2005-08-16,95.65
2005-08-17,95.6
2005-08-18,95.56
2005-08-19,95.52
2005-08-20,95.48
2005-08-21,95.44
2005-08-22,95.41
2005-08-23,95.37
2005-08-24,95.33
2005-08-25,95.28
2005-08-26,95.25
2005-08-27,95.21
2005-08-28,95.18
2005-08-29,95.16
2005-09-01,95.06
2005-09-02,95.03
2005-09-03,95.0
2005-09-04,94.96
2005-09-05,94.93
2005-09-06,94.91
2005-09-07,94.89
2005-09-08,94.97
2005-09-09,95.17
2005-09-10,95.76
2005-09-11,96.03
2005-09-12,96.13
2005-09-13,96.18
2005-09-14,96.21
2005-09-15,96.26
2005-09-16,96.35
2005-09-17,96.44
2005-09-18,96.52
2005-09-19,96.59
2005-09-20,96.67
2005-09-21,96.75
2005-09-22,96.82
2005-09-23,96.88
2005-09-24,96.95
2005-09-25,97.03
2005-09-26,97.1
2005-09-27,97.08
2005-09-28,97.08
2005-09-29,97.1
2005-09-30,97.12
2005-10-01,97.11
2005-10-02,97.12
2005-10-03,97.14
2005-10-04,97.12
2005-10-05,97.1
2005-10-06,97.1
2005-10-07,97.09
2005-10-08,97.06
2005-10-09,97.04
2005-10-10,97.04
2005-10-11,97.02
2005-10-12,97.01
2005-10-13,97.0
2005-10-14,96.99
2005-10-15,96.95
2005-10-16,96.93
2005-10-17,96.93
2005-10-18,96.89
2005-10-19,96.89
2005-10-20,97.14
2005-10-21,97.51
2005-10-22,97.71
2005-10-23,97.85
2005-10-24,97.94
2005-10-25,97.98
2005-10-26,98.01
2005-10-27,98.05
2005-10-28,98.09
2005-10-29,98.11
2005-10-30,98.13
2005-10-31,98.15
2005-11-01,98.18
2005-11-02,98.2
2005-11-03,98.2
2005-11-04,98.2
2005-11-05,98.22
2005-11-06,98.23
2005-11-07,98.23
2005-11-08,98.22
2005-11-09,98.2
2005-11-10,98.17
2005-11-11,98.14
2005-11-12,98.12
2005-11-13,98.1
2005-11-14,98.07
2005-11-15,98.07
2005-11-16,98.03
2005-11-17,97.99
2005-11-18,97.93
2005-11-19,97.88
2005-11-20,97.82
2005-11-21,97.77
2005-11-22,97.71
2005-11-23,97.65
2005-11-24,97.59
2005-11-25,97.55
2005-11-26,97.46
2005-11-27,97.4
2005-11-28,97.34
2005-11-29,97.27
2005-11-30,97.21
2005-12-01,97.17
2005-12-02,97.11
2005-12-03,97.39
2005-12-04,98.01
2005-12-05,98.27
2005-12-06,98.42
2005-12-07,98.49
2005-12-08,98.54
2005-12-09,98.6
2005-12-10,98.64
2005-12-11,98.67
2005-12-12,98.68
2005-12-13,98.71
2005-12-14,98.75
2005-12-15,98.75
2005-12-16,98.77
2005-12-17,98.78
2005-12-18,98.78
2005-12-19,98.78
2005-12-20,98.76
2005-12-21,98.74
2005-12-22,98.72
2005-12-23,98.71
2005-12-24,98.71
2005-12-25,98.72
2005-12-26,98.74
2005-12-27,98.75
2005-12-28,98.75
2005-12-29,98.7
2005-12-30,98.66
2005-12-31,98.64
2006-01-01,98.66
2006-01-02,98.67
2006-01-03,98.67
2006-01-04,98.66
2006-01-05,98.64
2006-01-06,98.63
2006-01-07,98.62
2006-01-08,98.62
2006-01-09,98.63
2006-01-10,98.63
2006-01-11,98.61
2006-01-12,98.59
2006-01-13,98.57
2006-01-14,98.54
2006-01-15,98.52
2006-01-16,98.48
2006-01-17,98.47
2006-01-18,98.47
2006-01-19,98.47
2006-01-20,98.46
2006-01-21,98.46
2006-01-22,98.43
2006-01-23,98.41
2006-01-24,98.38
2006-01-25,98.34
2006-01-26,98.3
2006-01-27,98.26
2006-01-28,98.25
2006-01-29,98.39
2006-01-30,98.63
2006-01-31,98.89
2006-02-02,99.14
2006-02-03,99.22
2006-02-04,99.28
2006-02-05,99.32
2006-02-06,99.37
2006-02-07,99.39
2006-02-09,99.44
2006-02-10,99.45
2006-02-11,99.45
2006-02-12,99.44
2006-02-13,99.44
2006-02-14,99.45
2006-02-15,99.45
2006-02-16,99.46
2006-02-17,99.48
2006-02-18,99.47
2006-02-19,99.47
2006-02-20,99.65
2006-02-21,99.83
2006-02-22,99.91
2006-02-23,99.97
2006-02-24,100.01
2006-02-25,100.02
2006-02-26,100.03
2006-02-27,100.04
2006-02-28,100.05
2006-03-01,100.06
2006-03-02,100.03
2006-03-03,100.01
2006-03-04,100.0
2006-03-05,100.01
2006-03-06,100.02
2006-03-07,100.0
2006-03-08,99.97
2006-03-09,99.95
2006-03-10,99.94
2006-03-11,99.9
2006-03-12,99.87
2006-03-13,99.82
2006-03-14,99.78
2006-03-15,99.75
2006-03-16,99.72
2006-03-17,99.71
2006-03-18,99.67
2006-03-19,99.66
2006-03-20,99.65
2006-03-21,99.65
2006-03-22,99.66
2006-03-23,99.67
2006-03-24,99.67
2006-03-25,99.65
2006-03-26,99.64
2006-03-27,99.66
2006-03-28,99.68
2006-03-29,99.7
2006-03-30,99.68
2006-03-31,99.65
2006-04-01,99.64
2006-04-02,99.62
2006-04-03,99.6
2006-04-04,99.58
2006-04-05,99.61
2006-04-06,99.64
2006-04-07,99.64
2006-04-08,99.63
2006-04-09,99.62
2006-04-10,99.62
2006-04-11,99.54
2006-04-12,99.49
2006-04-13,99.46
2006-04-14,99.44
2006-04-15,99.4
2006-04-16,99.39
2006-04-17,99.4
2006-04-18,99.37
2006-04-19,99.36
2006-04-20,99.34
2006-04-21,99.3
2006-04-22,99.24
2006-04-23,99.23
2006-04-24,99.22
2006-04-25,99.19
2006-04-26,99.16
2006-04-27,99.14
2006-04-28,99.12
2006-04-29,99.09
2006-04-30,99.07
2006-05-01,99.04
2006-05-02,98.98
2006-05-03,98.96
2006-05-04,98.92
2006-05-05,98.9
2006-05-06,98.88
2006-05-07,98.87
2006-05-08,98.87
2006-05-09,98.87
2006-05-10,98.9
2006-05-11,98.85
2006-05-12,98.84
2006-05-13,98.8
2006-05-14,98.79
2006-05-15,98.78
2006-05-16,98.75
2006-05-17,98.74
2006-05-18,98.72
2006-05-19,98.74
2006-05-20,98.73
2006-05-21,98.72
2006-05-22,98.72
2006-05-23,98.74
2006-05-24,98.76
2006-05-25,98.75
2006-05-26,98.77
2006-05-27,98.78
2006-05-28,98.81
2006-05-29,98.84
2006-05-30,98.81
2006-05-31,98.77
2006-06-01,98.74
2006-06-02,98.74
2006-06-03,98.73
2006-06-04,98.72
2006-06-05,98.72
2006-06-06,98.71
2006-06-07,98.73
2006-06-08,98.72
2006-06-09,98.72
2006-06-10,98.71
2006-06-11,98.71
2006-06-12,98.72
2006-06-13,98.75
2006-06-14,98.8
2006-06-15,98.83
2006-06-16,98.83
2006-06-17,98.81
2006-06-18,98.75
2006-06-19,98.72
2006-06-20,98.75
2006-06-21,98.8
2006-06-22,98.84
2006-06-23,98.89
2006-06-24,98.93
2006-06-25,98.97
2006-06-26,98.95
2006-06-27,98.94
2006-06-28,98.92
2006-06-29,98.92
2006-06-30,98.91
2006-07-01,98.92
2006-07-02,98.94
2006-07-03,98.95
2006-07-04,98.85
2006-07-05,98.63
2006-07-06,98.47
2006-07-07,98.38
2006-07-08,98.21
2006-07-09,98.05
2006-07-10,97.91
2006-07-11,97.79
2006-07-12,97.69
2006-07-13,97.58
2006-07-14,97.46
2006-07-15,97.37
2006-07-16,97.3
2006-07-17,97.23
2006-07-18,97.13
2006-07-19,97.01
2006-07-20,96.91
2006-07-21,96.82
2006-07-22,96.74
2006-07-23,96.68
2006-07-24,96.61
2006-07-25,96.54
2006-07-26,96.48
2006-07-27,96.35
2006-07-28,96.26
2006-07-29,96.18
2006-07-30,96.13
2006-07-31,96.07
2006-08-01,96.01
2006-08-02,95.96
2006-08-03,95.91
2006-08-04,95.86
2006-08-05,95.81
2006-08-06,95.76
2006-08-07,95.71
2006-08-08,95.65
2006-08-09,95.59
2006-08-10,95.53
2006-08-11,95.47
2006-08-12,95.42
2006-08-13,95.38
2006-08-14,95.33
2006-08-15,95.29
2006-08-16,95.24
2006-08-17,95.22
2006-08-18,95.36
2006-08-19,95.34
2006-08-20,95.33
2006-08-21,95.29
2006-08-22,95.24
2006-08-23,95.21
2006-08-24,95.19
2006-08-25,95.17
2006-08-26,95.16
2006-08-27,95.15
2006-08-28,95.14
2006-08-29,95.13
2006-08-30,95.12
2006-08-31,95.1
2006-09-01,95.08
2006-09-02,95.06
2006-09-03,95.03
2006-09-04,95.02
2006-09-05,95.01
2006-09-06,95.01
2006-09-07,94.99
2006-09-08,94.98
2006-09-09,94.95
2006-09-10,94.92
2006-09-11,94.92
2006-09-12,94.92
2006-09-13,94.92
2006-09-14,94.91
2006-09-15,94.91
2006-09-16,94.91
2006-09-17,94.91
2006-09-18,94.91
2006-09-19,94.91
2006-09-20,94.91
2006-09-21,94.91
2006-09-22,94.91
2006-09-23,94.91
2006-09-24,94.91
2006-09-25,94.92
2006-09-26,95.5
2006-09-27,96.16
2006-09-28,96.82
2006-09-29,97.44
2006-09-30,98.05
2006-10-01,98.55
2006-10-02,98.83
2006-10-03,99.24
2006-10-04,99.44
2006-10-05,99.52
2006-10-06,99.63
2006-10-07,99.74
2006-10-08,99.86
2006-10-09,99.99
2006-10-10,100.09
2006-10-11,100.19
2006-10-12,100.26
2006-10-13,100.35
2006-10-14,100.41
2006-10-15,100.49
2006-10-16,100.56
2006-10-17,100.6
2006-10-18,100.65
2006-10-19,100.7
2006-10-20,100.79
2006-10-21,100.92
2006-10-22,101.07
2006-10-23,101.18
2006-10-24,101.29
2006-10-25,101.35
2006-10-26,101.36
2006-10-27,101.35
2006-10-28,101.35
2006-10-29,101.36
2006-10-30,101.35
2006-10-31,101.35
2006-11-01,101.34
2006-11-02,101.31
2006-11-03,101.27
2006-11-04,101.22
2006-11-05,101.17
2006-11-06,101.13
2006-11-07,101.07
2006-11-08,101.01
2006-11-09,100.95
2006-11-10,100.9
2006-11-11,100.85
2006-11-12,100.82
2006-11-13,100.79
2006-11-14,100.72
2006-11-15,100.68
2006-11-16,100.63
2006-11-17,100.59
2006-11-18,100.57
2006-11-19,100.53
2006-11-20,100.48
2006-11-21,100.42
2006-11-22,100.38
2006-11-23,100.31
2006-11-24,100.24
2006-11-25,100.2
2006-11-26,100.2
2006-11-27,100.18
2006-11-28,100.15
2006-11-29,100.11
2006-11-30,100.07
2006-12-01,100.02
2006-12-02,99.98
2006-12-03,99.97
2006-12-04,100.02
2006-12-05,100.02
2006-12-06,100.11
2006-12-07,101.24
2006-12-08,102.15
2006-12-09,103.45
2006-12-10,103.58
2006-12-11,103.6
2006-12-12,103.64
2006-12-13,103.68
2006-12-14,103.71
2006-12-15,103.73
2006-12-16,103.76
2006-12-17,103.8
2006-12-18,103.82
2006-12-19,103.82
2006-12-20,103.82
2006-12-21,103.81
2006-12-22,103.8
2006-12-23,103.8
2006-12-24,103.8
2006-12-25,103.79
2006-12-26,103.78
2006-12-27,103.76
2006-12-28,103.77
2006-12-29,103.78
2006-12-30,103.77
2006-12-31,103.77
2007-01-01,103.79
2007-01-02,103.79
2007-01-03,103.79
2007-01-04,103.79
2007-01-05,103.78
2007-01-06,103.78
2007-01-07,103.78
2007-01-08,103.78
2007-01-09,103.77
2007-01-10,103.77
2007-01-11,103.78
2007-01-12,103.78
2007-01-13,103.76
2007-01-14,103.77
2007-01-15,103.77
2007-01-16,103.75
2007-01-17,103.76
2007-01-18,103.75
2007-01-19,103.75
2007-01-20,103.73
2007-01-21,103.74
2007-01-22,103.74
2007-01-23,103.78
2007-01-24,103.81
2007-01-25,103.73
2007-01-26,103.69
2007-01-27,103.64
2007-01-28,103.62
2007-01-29,103.6
2007-01-30,103.56
2007-01-31,103.55
2007-02-01,103.53
2007-02-02,103.52
2007-02-03,103.51
2007-02-04,103.51
2007-02-05,103.51
2007-02-06,103.5
2007-02-07,103.5
2007-02-08,103.48
2007-02-09,103.47
2007-02-10,103.47
2007-02-11,103.46
2007-02-12,103.45
2007-02-13,103.45
2007-02-14,103.44
2007-02-15,103.44
2007-02-16,103.44
2007-02-17,103.43
2007-02-18,103.43
2007-02-19,103.42
2007-02-20,103.4
2007-02-21,103.38
2007-02-22,103.38
2007-02-23,103.38
2007-02-24,103.37
2007-02-25,103.37
2007-02-26,103.35
2007-02-27,103.33
2007-02-28,103.33
2007-03-01,103.32
2007-03-02,103.32
2007-03-03,103.31
2007-03-04,103.32
2007-03-05,103.32
2007-03-06,103.3
2007-03-07,103.32
2007-03-08,103.3
2007-03-09,103.29
2007-03-10,103.27
2007-03-11,103.26
2007-03-12,103.24
2007-03-13,103.21
2007-03-14,103.2
2007-03-15,103.18
2007-03-16,103.17
2007-03-17,103.16
2007-03-18,103.17
2007-03-19,103.17
2007-03-20,103.13
2007-03-21,103.1
2007-03-22,103.07
2007-03-23,103.05
2007-03-24,103.03
2007-03-25,103.02
2007-03-26,103.01
2007-03-27,102.99
2007-03-28,102.98
2007-03-29,102.96
2007-03-30,102.96
2007-03-31,102.95
2007-04-01,102.95
2007-04-02,102.95
2007-04-03,102.94
2007-04-04,102.94
2007-04-05,102.92
2007-04-06,102.92
2007-04-07,102.91
2007-04-08,102.92
2007-04-09,102.91
2007-04-10,102.89
2007-04-11,102.88
2007-04-12,102.87
2007-04-13,102.88
2007-04-14,102.9
2007-04-15,102.94
2007-04-16,102.94
2007-04-17,102.93
2007-04-18,102.94
2007-04-19,102.93
2007-04-20,102.95
2007-04-21,102.96
2007-04-22,102.97
2007-04-23,102.99
2007-04-24,102.98
2007-04-25,102.99
2007-04-26,102.98
2007-04-27,102.96
2007-04-28,102.92
2007-04-29,102.91
2007-04-30,102.91
2007-05-01,102.87
2007-05-02,102.91
2007-05-03,102.97
2007-05-04,103.12
2007-05-05,103.29
2007-05-06,103.32
2007-05-07,103.32
2007-05-08,103.3
2007-05-09,103.3
2007-05-10,103.29
2007-05-11,103.3
2007-05-12,103.29
2007-05-13,103.29
2007-05-14,103.28
2007-05-15,103.25
2007-05-16,103.23
2007-05-17,103.2
2007-05-18,103.19
2007-05-19,103.18
2007-05-20,103.19
2007-05-21,103.19
2007-05-22,103.16
2007-05-23,103.17
2007-05-24,103.13
2007-05-25,103.11
2007-05-26,103.08
2007-05-27,103.06
2007-05-28,103.0
2007-05-29,102.94
2007-05-30,102.89
2007-05-31,102.85
2007-06-01,102.94
2007-06-02,102.91
2007-06-03,102.89
2007-06-04,102.88
2007-06-05,102.85
2007-06-06,102.85
2007-06-07,102.92
2007-06-08,102.95
2007-06-09,102.95
2007-06-10,102.86
2007-06-11,102.78
2007-06-12,102.66
2007-06-13,102.55
2007-06-14,102.42
2007-06-15,102.35
2007-06-16,102.28
2007-06-17,102.22
2007-06-18,102.14
2007-06-19,102.08
2007-06-20,102.03
2007-06-21,101.99
2007-06-22,101.96
2007-06-23,101.91
2007-06-24,101.86
2007-06-25,101.84
2007-06-26,101.81
2007-06-27,101.77
2007-06-28,101.73
2007-06-29,101.7
2007-06-30,101.67
2007-07-01,101.65
2007-07-02,101.64
2007-07-03,101.62
2007-07-04,101.59
2007-07-05,101.56
2007-07-06,101.53
2007-07-07,101.5
2007-07-08,101.48
2007-07-09,101.46
2007-07-10,101.43
2007-07-11,101.38
2007-07-12,101.34
2007-07-13,101.3
2007-07-14,101.29
2007-07-15,101.27
2007-07-16,101.25
2007-07-17,101.26
2007-07-18,101.28
2007-07-19,101.31
2007-07-20,101.36
2007-07-21,101.4
2007-07-22,101.43
2007-07-23,101.46
2007-07-24,101.48
2007-07-25,101.48
2007-07-26,101.48
2007-07-27,101.49
2007-07-28,101.51
2007-07-29,101.54
2007-07-30,101.54
2007-07-31,101.56
2007-08-01,101.59
2007-08-02,101.59
2007-08-03,101.6
2007-08-04,101.61
2007-08-05,101.63
2007-08-06,101.65
2007-08-07,101.67
2007-08-08,101.7
2007-08-09,101.73
2007-08-10,101.76
2007-08-11,101.75
2007-08-12,101.74
2007-08-13,101.74
2007-08-14,101.79
2007-08-15,101.8
2007-08-16,101.82
2007-08-17,101.84
2007-08-18,101.86
2007-08-19,101.87
2007-08-20,101.89
2007-08-21,101.88
2007-08-22,101.87
2007-08-23,101.86
2007-08-24,101.85
2007-08-25,101.84
2007-08-26,101.85
2007-08-27,101.86
2007-08-28,101.88
2007-08-29,101.88
2007-08-30,101.88
2007-08-31,101.88
2007-09-01,101.88
2007-09-02,101.88
2007-09-03,101.88
2007-09-04,101.87
2007-09-05,101.85
2007-09-06,101.84
2007-09-07,101.83
2007-09-08,101.81
2007-09-09,101.8
2007-09-10,101.8
2007-09-11,101.8
2007-09-12,101.79
2007-09-13,101.79
2007-09-14,101.78
2007-09-15,101.77
2007-09-16,101.77
2007-09-17,101.77
2007-09-18,101.72
2007-09-19,101.67
2007-09-20,101.63
2007-09-21,101.59
2007-09-22,101.56
2007-09-23,101.53
2007-09-24,101.51
2007-09-25,101.49
2007-09-26,101.48
2007-09-27,101.46
2007-09-28,101.42
2007-09-29,101.38
2007-09-30,101.35
2007-10-01,101.35
2007-10-02,101.34
2007-10-03,101.33
2007-10-04,101.31
2007-10-05,101.29
2007-10-06,101.27
2007-10-07,101.26
2007-10-08,101.25
2007-10-09,101.24
2007-10-10,101.22
2007-10-11,101.21
2007-10-12,101.2
2007-10-13,101.17
2007-10-14,101.13
2007-10-15,101.11
2007-10-16,101.11
2007-10-17,101.1
2007-10-18,101.08
2007-10-19,101.05
2007-10-20,101.02
2007-10-21,100.99
2007-10-22,100.94
2007-10-23,100.91
2007-10-24,100.88
2007-10-25,100.84
2007-10-26,100.85
2007-10-27,100.87
2007-10-28,100.87
2007-10-29,100.86
2007-10-30,100.85
2007-10-31,100.85
2007-11-01,100.85
2007-11-02,100.84
2007-11-03,100.82
2007-11-04,100.8
2007-11-05,100.78
2007-11-06,100.73
2007-11-07,100.69
2007-11-08,100.65
2007-11-09,100.6
2007-11-10,100.54
2007-11-11,100.5
2007-11-12,100.48
2008-01-01,100.31
2008-01-02,100.3
2008-01-03,100.3
2008-01-04,100.34
2008-01-05,100.45
2008-01-06,100.55
2008-01-07,100.64
2008-01-08,100.66
2008-01-09,100.65
2008-01-10,100.62
2008-01-11,100.66
2008-01-12,101.75
2008-01-13,102.23
2008-01-14,102.23
2008-01-15,102.23
2008-01-16,103.01
2008-01-17,103.49
2008-01-18,103.53
2008-01-19,103.55
2008-01-20,103.58
2008-01-21,103.62
2008-01-22,103.65
2008-01-23,103.66
2008-01-24,103.66
2008-01-25,103.66
2008-01-26,103.65
2008-01-27,103.65
2008-01-28,103.65
2008-01-29,103.65
2008-01-30,103.67
2008-01-31,103.67
2008-02-01,103.67
2008-02-02,103.66
2008-02-03,103.65
2008-02-04,103.67
2008-02-05,103.69
2008-02-06,103.67
2008-02-07,103.66
2008-02-08,103.65
2008-02-09,103.63
2008-02-10,103.61
2008-02-11,103.6
2008-02-12,103.58
2008-02-13,103.56
2008-02-14,103.53
2008-02-15,103.52
2008-02-16,103.5
2008-02-17,103.48
2008-02-18,103.47
2008-02-19,103.45
2008-02-20,103.45
2008-02-21,103.44
2008-02-22,103.43
2008-02-23,103.42
2008-02-24,103.42
2008-02-25,103.43
2008-02-26,103.43
2008-02-27,103.43
2008-02-28,103.43
2008-02-29,103.44
2008-03-01,103.46
2008-03-02,103.47
2008-03-03,103.48
2008-03-04,103.49
2008-03-05,103.45
2008-03-06,103.41
2008-03-07,103.38
2008-03-08,103.34
2008-03-09,103.33
2008-03-10,103.32
2008-03-11,103.33
2008-03-12,103.32
2008-03-13,103.31
2008-03-14,103.31
2008-03-15,103.31
2008-03-16,103.32
2008-03-17,103.32
2008-03-18,103.32
2008-03-19,103.3
2008-03-20,103.28
2008-03-21,103.26
2008-03-22,103.22
2008-03-23,103.2
2008-03-24,103.17
2008-03-25,103.14
2008-03-26,103.12
2008-03-27,103.11
2008-03-28,103.09
2008-03-29,103.06
2008-03-30,103.05
2008-03-31,103.06
2008-04-01,103.04
2008-04-02,103.02
2008-04-03,103.02
2008-04-04,103.02
2008-04-05,103.01
2008-04-06,103.0
2008-04-07,102.99
2008-04-08,102.97
2008-04-09,102.96
2008-04-10,103.01
2008-04-11,103.19
2008-04-12,103.42
2008-04-13,103.38
2008-04-14,103.36
2008-04-15,103.34
2008-04-16,103.31
2008-04-17,103.27
2008-04-18,103.27
2008-04-19,103.45
2008-04-20,103.5
2008-04-21,103.67
2008-04-22,103.71
2008-04-23,103.67
2008-04-24,103.64
2008-04-25,103.63
2008-04-26,103.61
2008-04-27,103.6
2008-04-28,103.59
2008-04-29,103.55
2008-04-30,103.54
2008-05-01,103.49
2008-05-02,103.46
2008-05-03,103.44
2008-05-04,103.45
2008-05-05,103.49
2008-05-06,101.41
2008-05-07,100.33
2008-05-08,100.33
2008-05-09,100.33
2008-05-10,100.33
2008-05-11,100.33
2008-05-12,100.33
2008-05-13,100.33
2008-05-14,102.32
2008-05-15,103.28
2008-05-16,103.27
2008-05-17,103.33
2008-05-18,103.64
2008-05-19,103.7
2008-05-20,103.7
2008-05-21,103.7
2008-05-22,103.73
2008-05-23,103.73
2008-05-24,103.71
2008-05-25,103.82
2008-05-26,104.07
2008-05-27,104.16
2008-05-28,104.15
2008-05-29,104.27
2008-05-30,104.51
2008-05-31,104.45
2008-06-01,104.36
2008-06-02,104.41
2008-06-03,104.49
2008-06-04,104.38
2008-06-05,104.29
2008-06-06,104.31
2008-06-07,104.32
2008-06-08,104.31
2008-06-09,104.28
2008-06-10,104.22
2008-06-11,104.21
2008-06-12,104.18
2008-06-13,104.15
2008-06-14,104.09
2008-06-15,104.04
2008-06-16,103.97
2008-06-17,103.92
2008-06-18,103.95
2008-06-19,103.89
2008-06-20,103.86
2008-06-21,103.84
2008-06-22,103.8
2008-06-23,103.78
2008-06-24,103.76
2008-06-25,103.75
2008-06-26,103.72
2008-06-27,103.68
2008-06-28,103.65
2008-06-29,103.62
2008-06-30,103.59
2008-07-01,103.56
2008-07-02,103.52
2008-07-03,103.49
2008-07-04,103.45
2008-07-05,103.41
2008-07-06,103.39
2008-07-07,103.37
2008-07-08,103.33
2008-07-09,103.29
2008-07-10,103.26
2008-07-11,103.24
2008-07-12,103.23
2008-07-13,103.12
2008-07-14,102.87
2008-07-15,102.75
2008-07-16,102.67
2008-07-17,102.61
2008-07-18,102.57
2008-07-19,102.52
2008-07-20,102.48
2008-07-21,102.45
2008-07-22,102.42
2008-07-23,102.39
2008-07-24,102.36
2008-07-25,102.34
2008-07-26,102.32
2008-07-27,102.24
2008-07-28,102.15
2008-07-29,102.04
2008-07-30,101.85
2008-07-31,101.69
2008-08-01,101.62
2008-08-02,101.57
2008-08-03,101.53
2008-08-04,101.5
2008-08-05,101.46
2008-08-06,101.42
2008-08-07,101.39
2008-08-08,101.36
2008-08-09,101.32
2008-08-10,101.27
2008-08-11,101.24
2008-08-12,101.2
2008-08-13,101.12
2008-08-14,100.92
2008-08-15,100.77
2008-08-16,100.66
2008-08-17,100.57
2008-08-18,100.5
2008-08-19,100.44
2008-08-20,100.39
2008-08-21,100.34
2008-08-22,100.29
2008-08-23,100.24
2008-08-24,100.2
2008-08-25,100.16
2008-08-26,100.09
2008-08-27,99.98
2008-08-28,99.82
2008-08-29,99.74
2008-08-30,99.66
2008-08-31,99.6
2008-09-01,99.55
2008-09-02,99.48
2008-09-03,99.4
2008-09-04,99.34
2008-09-05,99.29
2008-09-06,99.25
2008-09-07,99.22
2008-09-08,99.17
2008-09-09,99.11
2008-09-10,99.05
2008-09-11,98.99
2008-09-12,98.96
2008-09-13,98.93
2008-09-14,98.91
2008-09-15,98.87
2008-09-16,98.83
2008-09-17,98.79
2008-09-18,98.74
2008-09-19,98.72
2008-09-20,98.68
2008-09-21,98.65
2008-09-22,98.61
2008-09-23,98.56
2008-09-24,98.52
2008-09-25,98.46
2008-09-26,98.42
2008-09-27,98.37
2008-09-28,98.33
2008-09-29,98.31
2008-09-30,98.26
2008-10-01,98.23
2008-10-02,98.19
2008-10-03,98.16
2008-10-04,98.12
2008-10-05,98.08
2008-10-06,98.05
2008-10-07,98.01
2008-10-08,97.99
2008-10-09,97.96
2008-10-10,97.94
2008-10-11,97.91
2008-10-12,97.88
2008-10-13,97.86
2008-10-14,97.81
2008-10-15,97.78
2008-10-16,97.75
2008-10-17,97.73
2008-10-18,97.7
2008-10-19,97.68
2008-10-20,97.67
2008-10-21,97.64
2008-10-22,97.62
2008-10-23,97.59
2008-10-24,97.57
2008-10-25,97.53
2008-10-26,97.52
2008-10-27,97.51
2009-01-13,103.4
2009-01-14,103.39
2009-01-15,103.37
2009-01-16,103.35
2009-01-17,103.33
2009-01-18,103.32
2009-01-19,103.31
2009-01-20,103.56
2009-01-21,103.7
2009-01-22,103.67
2009-01-23,103.65
2009-01-24,103.66
2009-01-25,103.65
2009-01-26,103.64
2009-01-27,103.62
2009-01-28,103.58
2009-01-29,103.55
2009-01-30,103.52
2009-01-31,103.5
2009-02-01,103.48
2009-02-02,103.5
2009-02-03,103.58
2009-02-04,103.59
2009-02-05,103.64
2009-02-06,104.29
2009-02-07,104.71
2009-02-08,104.58
2009-02-09,104.46
2009-02-10,104.4
2009-02-11,104.36
2009-02-12,104.32
2009-02-13,104.28
2009-02-14,104.24
2009-02-15,104.2
2009-02-16,104.17
2009-02-17,104.14
2009-02-18,104.11
2009-02-19,104.08
2009-02-20,104.05
2009-02-21,104.02
2009-02-22,104.01
2009-02-23,103.99
2009-02-24,103.97
2009-02-25,103.95
2009-02-26,103.93
2009-02-27,103.92
2009-02-28,103.91
2009-03-01,103.93
2009-03-02,103.93
2009-03-03,103.93
2009-03-04,103.93
2009-03-05,103.96
2009-03-06,103.94
2009-03-07,103.9
2009-03-08,103.87
2009-03-09,103.84
2009-03-10,103.81
2009-03-11,103.78
2009-03-12,103.77
2009-03-13,103.76
2009-03-14,103.76
2009-03-15,103.8
2009-03-16,103.82
2009-03-17,103.81
2009-03-18,103.8
2009-03-19,103.81
2009-03-20,103.77
2009-03-21,103.71
2009-03-22,103.65
2009-03-23,103.61
2009-03-24,103.61
2009-03-25,103.58
2009-03-26,103.54
2009-03-27,103.52
2009-03-28,103.54
2009-03-29,103.6
2009-03-30,103.69
2009-03-31,103.67
2009-04-01,103.69
2009-04-02,103.84
2009-04-03,103.92
2009-04-04,103.85
2009-04-05,103.82
2009-04-06,103.82
2009-04-07,103.83
2009-04-08,103.82
2009-04-09,103.8
2009-04-10,103.8
2009-04-11,103.81
2009-04-12,103.79
2009-04-13,103.78
2009-04-14,103.79
2009-04-15,103.79
2009-04-16,103.91
2009-04-17,104.02
2009-04-18,103.96
2009-04-19,103.91
2009-04-20,103.87
2009-04-21,103.84
2009-04-22,103.86
2009-04-23,103.91
2009-04-24,103.9
2009-04-25,103.84
2009-04-26,103.87
2009-04-27,104.18
2009-04-28,104.41
2009-04-29,104.31
2009-04-30,104.19
2009-05-01,104.13
2009-05-02,104.08
2009-05-03,104.08
2009-05-04,104.07
2009-05-05,104.05
2009-05-06,104.05
2009-05-07,104.08
2009-05-08,104.1
2009-05-09,104.08
2009-05-10,104.06
2009-05-11,104.03
2009-05-12,104.03
2009-05-13,104.1
2009-05-14,104.15
2009-05-15,104.16
2009-05-16,104.14
2009-05-17,104.1
2009-05-18,104.09
2009-05-19,104.07
2009-05-20,104.07
2009-05-21,104.08
2009-05-22,104.13
2009-05-23,104.16
2009-05-24,104.19
2009-05-25,104.21
2009-05-26,104.15
2009-05-27,104.06
2009-05-28,104.0
2009-05-29,103.99
2009-05-30,103.98
2009-05-31,103.92
2009-06-01,103.97
2009-06-02,103.92
2009-06-03,103.88
2009-06-04,103.85
2009-06-05,103.86
2009-06-06,103.82
2009-06-07,103.78
2009-06-08,103.73
2009-06-09,103.7
2009-06-10,103.69
2009-06-11,103.66
2009-06-12,103.7
2009-06-13,103.7
2009-06-14,103.69
2009-06-15,103.68
2009-06-16,103.71
2009-06-17,103.7
2009-06-18,103.66
2009-06-19,103.64
2009-06-20,103.63
2009-06-21,103.6
2009-06-22,103.55
2009-06-23,103.5
2009-06-24,103.46
2009-06-25,103.44
2009-06-26,103.44
2009-06-27,103.41
2009-06-28,103.36
2009-06-29,103.31
2009-06-30,103.08
2009-07-01,102.8
2009-07-02,102.55
2009-07-03,102.36
2009-07-04,102.24
2009-07-05,102.12
2009-07-06,102.0
2009-07-07,101.89
2009-07-08,101.76
2009-07-09,101.64
2009-07-10,101.53
2009-07-11,101.41
2009-07-12,101.31
2009-07-13,101.21
2009-07-14,101.12
2009-07-15,101.09
2009-07-16,101.14
2009-07-17,101.16
2009-07-18,101.15
2009-07-19,101.11
2009-07-20,101.08
2009-07-21,101.04
2009-07-22,101.0
2009-07-23,100.96
2009-07-24,100.92
2009-07-25,100.88
2009-07-26,100.84
2009-07-27,100.8
2009-07-28,100.76
2009-07-29,100.74
2009-07-30,100.71
2009-07-31,100.69
2009-08-01,100.68
2009-08-02,100.66
2009-08-03,100.63
2009-08-04,100.58
2009-08-05,100.51
2009-08-06,100.44
2009-08-07,100.39
2009-08-08,100.3
2009-08-09,100.11
2009-08-10,99.93
2009-08-11,99.79
2009-08-12,99.67
2009-08-13,99.56
2009-08-14,99.46
2009-08-15,99.35
2009-08-16,99.25
2009-08-17,99.15
2009-08-18,99.05
2009-08-19,98.97
2009-08-20,98.88
2009-08-21,98.79
2009-08-22,98.71
2009-08-23,98.64
2009-08-24,98.56
2009-08-25,98.46
2009-08-26,98.39
2009-08-27,98.34
2009-08-28,98.23
2009-08-29,98.17
2009-08-30,98.1
2009-08-31,98.04
2009-09-01,97.97
2009-09-02,97.9
2009-09-03,97.84
2009-09-04,97.78
2009-09-05,97.71
2009-09-06,97.65
2009-09-07,97.6
2009-09-08,97.55
2009-09-09,97.5
2009-09-10,97.45
2009-09-11,97.4
2009-09-12,97.36
2009-09-13,97.3
2009-09-14,97.25
2009-09-15,97.19
2009-09-16,97.19
2009-09-17,97.29
2009-09-18,97.34
2009-09-19,97.39
2009-09-20,97.4
2009-09-21,97.37
2009-09-22,97.35
2009-09-23,97.34
2009-09-24,97.32
2009-09-25,97.33
2009-09-26,97.35
2009-09-27,97.35
2009-09-28,97.34
2009-09-29,97.28
2009-09-30,97.25
2009-10-01,97.22
2009-10-02,97.19
2009-10-03,97.18
2009-10-04,97.18
2009-10-05,97.19
2009-10-06,97.18
2009-10-07,97.19
2009-10-08,97.2
2009-11-19,97.91
2009-11-20,97.96
2009-11-21,98.16
2009-11-22,98.22
2009-11-23,98.23
2009-11-24,98.44
2009-11-25,98.86
2009-11-26,99.19
2009-11-27,99.48
2009-11-28,99.71
2009-11-29,99.91
2009-11-30,100.05
2009-12-01,100.16
2009-12-02,100.25
2009-12-03,100.33
2009-12-04,100.44
2009-12-05,100.53
2009-12-06,100.59
2009-12-07,100.64
2009-12-17,100.68
2009-12-18,100.71
2009-12-19,100.74
2009-12-20,100.76
2009-12-21,100.79
2009-12-22,100.87
2009-12-23,101.42
2009-12-24,101.97
2009-12-25,103.5
2009-12-26,103.84
2009-12-27,103.87
2009-12-28,103.89
2009-12-29,103.92
2009-12-30,104.02
2009-12-31,104.09
2010-01-01,104.12
2010-01-02,104.12
2010-01-03,104.1
2010-01-04,104.11
2010-01-05,104.12
2010-01-06,104.12
2010-01-07,104.09
2010-01-08,104.13
2010-01-09,104.21
2010-01-10,104.23
2010-01-11,104.21
2010-01-12,104.2
2010-01-13,104.19
2010-01-14,104.17
2010-01-15,104.15
2010-01-16,104.14
2010-01-17,104.13
2010-01-18,104.12
2010-01-19,104.1
2010-01-20,104.09
2010-01-21,104.07
2010-01-22,104.04
2010-01-23,104.02
2010-01-24,104.01
2010-01-25,104.0
2010-01-26,103.99
2010-01-27,103.98
2010-01-28,103.98
2010-01-29,103.97
2010-01-30,103.96
2010-01-31,103.93
2010-02-01,103.9
2010-02-02,103.88
2010-02-03,103.86
2010-02-04,103.85
2010-02-05,103.87
2010-02-06,103.89
2010-02-07,103.85
2010-02-08,103.83
2010-02-09,103.81
2010-02-10,103.8
2010-02-11,103.78
2010-02-12,103.76
2010-02-13,103.74
2010-02-14,103.72
2010-02-15,103.7
2010-02-16,103.69
2010-02-17,103.68
2010-02-18,103.79
2010-02-19,103.96
2010-02-20,104.14
2010-02-21,104.1
2010-02-22,104.07
2010-02-23,104.11
2010-02-24,104.12
2010-02-25,104.12
2010-02-26,104.11
2010-02-27,104.1
2010-02-28,104.08
2010-03-01,104.06
2010-03-02,104.03
2010-03-03,104.01
2010-03-04,104.01
2010-03-05,103.99
2010-03-06,103.96
2010-03-07,103.93
2010-03-08,103.9
2010-03-09,103.86
2010-03-10,103.81
2010-03-11,103.79
2010-03-12,103.76
2010-03-13,103.74
2010-03-14,103.73
2010-03-15,103.73
2010-03-16,103.72
2010-03-17,103.7
2010-03-18,103.7
2010-03-19,103.7
2010-03-20,103.71
2010-03-21,103.74
2010-03-22,103.8
2010-03-23,103.85
2010-03-24,103.81
2010-03-25,103.76
2010-03-26,103.74
2010-03-27,103.72
2010-03-28,103.65
2010-03-29,103.62
2010-03-30,103.6
2010-03-31,103.54
2010-04-01,103.46
2010-04-02,103.41
2010-04-03,103.36
2010-04-04,103.34
2010-04-05,103.31
2010-04-06,103.29
2010-04-07,103.27
2010-04-08,103.25
2010-04-09,103.25
2010-04-10,103.23
2010-04-11,103.25
2010-04-12,103.23
2010-04-13,103.2
2010-04-14,103.16
2010-04-15,103.12
2010-04-16,103.09
2010-04-17,103.07
2010-04-18,103.06
2010-04-19,103.07
2010-04-20,103.05
2010-04-21,103.04
2010-04-22,103.05
2010-04-23,103.05
2010-04-24,103.02
2010-04-25,103.02
2010-04-26,103.02
2010-04-27,102.99
2010-04-28,102.96
2010-04-29,102.96
2010-04-30,102.94
2010-05-01,102.91
2010-05-02,102.9
2010-05-03,102.9
2010-05-04,102.97
2010-05-05,103.3
2010-05-06,103.54
2010-05-07,103.62
2010-05-08,103.67
2010-05-09,103.74
2010-05-10,103.83
2010-05-11,103.91
2010-05-12,103.97
2010-05-13,104.0
2010-05-14,104.01
2010-05-15,103.99
2010-05-16,103.97
2010-05-17,103.95
2010-05-18,103.93
2010-05-19,103.94
2010-05-20,103.94
2010-05-21,103.91
2010-05-22,103.9
2010-05-23,103.92
2010-05-24,103.94
2010-05-25,103.95
2010-05-26,103.97
2010-05-27,103.96
2010-05-28,103.97
2010-05-29,103.94
2010-05-30,103.95
2010-05-31,103.97
2010-06-01,103.97
2010-06-02,103.93
2010-06-03,103.89
2010-06-04,103.89
2010-06-05,103.91
2010-06-06,103.94
2010-06-07,103.93
2010-06-08,103.9
2010-06-09,103.85
2010-06-10,103.82
2010-06-11,103.83
2010-06-12,103.84
2010-06-13,103.82
2010-06-14,103.78
2010-06-15,103.74
2010-06-16,104.0
2010-06-17,104.2
2010-06-18,104.16
2010-06-19,104.07
2010-06-20,104.01
2010-06-21,103.94
2010-06-22,103.89
2010-06-23,103.85
2010-06-24,103.83
2010-06-25,103.82
2010-06-26,103.81
2010-06-27,103.74
2010-06-28,103.68
2010-06-29,103.61
2010-06-30,103.49
2010-07-01,103.36
2010-07-02,103.23
2010-07-03,103.14
2010-07-04,103.07
2010-07-05,102.94
2010-07-06,102.81
2010-07-07,102.71
2010-07-08,102.63
2010-07-09,102.57
2010-07-10,102.54
2010-07-11,102.5
2010-07-12,102.46
2010-07-13,102.42
2010-07-14,102.39
2010-07-15,102.36
2010-07-16,102.32
2010-07-17,102.29
2010-07-18,102.26
2010-07-19,102.23
2010-07-20,102.18
2010-07-21,102.05
2010-07-22,101.92
2010-07-23,101.77
2010-07-24,101.69
2010-07-25,101.61
2010-07-26,101.54
2010-07-27,101.5
2010-07-28,101.46
2010-07-29,101.44
2010-07-30,101.41
2010-07-31,101.37
2010-08-01,101.34
2010-08-02,101.32
2010-08-03,101.32
2010-08-04,101.34
2010-08-05,101.35
2010-08-06,101.32
2010-08-07,101.29
2010-08-08,101.27
2010-08-09,101.26
2010-08-10,101.26
2010-08-11,101.23
2010-08-12,101.16
2010-08-13,101.11
2010-08-14,101.08
2010-08-15,101.03
2010-08-16,100.96
2010-08-17,100.91
2010-08-18,100.89
2010-08-19,100.87
2010-08-20,100.86
2010-08-21,100.82
2010-08-22,100.77
2010-08-23,100.73
2010-08-24,100.69
2010-08-25,100.66
2010-08-26,100.62
2010-08-27,100.6
2010-08-28,100.58
2010-08-29,100.55
2010-08-30,100.54
2010-08-31,100.51
2010-09-01,100.48
2010-09-02,100.44
2010-09-03,100.41
2010-09-04,100.37
2010-09-05,100.35
2010-09-06,100.32
2010-09-07,100.3
2010-09-08,100.24
2010-09-09,100.15
2010-09-10,100.04
2010-09-11,99.95
2010-09-12,99.87
2010-09-13,99.82
2010-09-14,99.77
2010-09-15,99.73
2010-09-16,99.69
2010-09-17,99.66
2010-09-18,99.65
2010-09-19,99.63
2010-09-20,99.61
2010-09-21,99.59
2010-09-22,99.56
2010-09-23,99.54
2010-09-27,99.42
2010-09-28,99.38
2010-09-29,99.36
2010-09-30,99.34
2010-10-01,99.32
2010-10-02,99.29
2010-10-03,99.27
2010-10-04,99.26
2010-10-05,99.22
2010-10-06,99.13
2010-10-07,99.04
2010-10-08,98.96
2010-10-09,98.87
2010-10-10,98.78
2010-10-11,98.72
2010-10-12,98.67
2010-10-13,98.66
2010-10-14,98.7
2010-10-15,98.7
2010-10-16,98.67
2010-10-17,98.66
2010-10-18,98.64
2010-10-19,98.6
2010-10-20,98.56
2010-10-21,98.54
2010-10-22,98.5
2010-10-23,98.46
2010-10-24,98.43
2010-10-25,98.41
2010-10-26,98.43
2010-10-27,98.41
2010-10-28,98.38
2010-10-29,98.34
2010-10-30,98.3
2010-10-31,98.31
2010-11-01,100.44
2010-11-02,101.53
2010-11-03,101.83
2010-11-04,102.04
2010-11-05,102.25
2010-11-06,102.43
2010-11-07,102.59
2010-11-08,102.73
2010-11-09,102.81
2010-11-10,102.85
2010-11-11,102.9
2010-11-12,102.95
2010-11-13,103.0
2010-11-14,103.06
2010-11-15,103.12
2010-11-16,103.4
2010-11-17,103.57
2010-11-18,103.57
2010-11-19,103.56
2010-11-20,103.53
2010-11-21,103.64
2010-11-22,103.7
2010-11-23,103.69
2010-11-24,103.66
2010-11-25,103.62
2010-11-26,103.61
2010-11-27,103.54
2010-11-28,103.53
2010-11-29,103.51
2010-11-30,103.48
2010-12-01,103.49
2010-12-02,103.5
2010-12-03,103.49
2010-12-04,103.45
2010-12-05,103.42
2010-12-06,103.44
2010-12-07,103.62
2010-12-08,103.75
2010-12-09,103.84
2010-12-10,103.81
2010-12-11,103.76
2010-12-12,103.73
2010-12-13,103.68
2010-12-14,103.64
2010-12-15,103.6
2010-12-16,103.57
2010-12-17,103.55
2010-12-18,103.49
2010-12-19,103.47
2010-12-20,103.46
2010-12-21,103.42
2010-12-22,103.66
2010-12-23,104.24
2010-12-24,104.73
2010-12-25,104.62
2010-12-26,104.52
2010-12-27,104.46
2010-12-28,104.42
2010-12-29,104.38
2010-12-30,104.35
2010-12-31,104.32
2011-01-01,104.29
2011-01-02,104.27
2011-01-03,104.25
2011-01-04,104.22
2011-01-05,104.19
2011-01-06,104.17
2011-01-07,104.19
2011-01-08,104.29
2011-01-09,104.3
2011-01-10,104.3
2011-01-11,104.34
2011-01-12,104.31
2011-01-12,104.31
2011-01-13,104.27
2011-01-14,104.24
2011-01-15,104.22
2011-01-16,104.2
2011-01-17,104.18
2011-01-18,104.16
2011-01-19,104.14
2011-01-20,104.11
2011-01-21,104.08
2011-01-22,104.04
2011-01-23,104.01
2011-01-24,103.98
2011-01-25,103.97
2011-01-26,103.94
2011-01-27,103.93
2011-01-28,103.9
2011-01-29,103.88
2011-01-30,103.88
2011-01-31,103.87
2011-02-01,103.86
2011-02-02,103.84
2011-02-03,103.81
2011-02-04,103.8
2011-02-05,103.79
2011-02-06,103.79
2011-02-07,103.78
2011-02-08,103.77
2011-02-09,103.76
2011-02-10,103.75
2011-02-11,103.75
2011-02-12,103.74
2011-02-13,103.73
2011-02-14,103.73
2011-02-15,103.74
2011-02-16,103.79
2011-02-17,103.81
2011-02-18,103.8
2011-02-19,103.78
2011-02-20,103.77
2011-02-21,103.76
2011-02-22,103.75
2011-02-23,103.73
2011-02-24,103.72
2011-02-25,103.71
2011-02-26,103.7
2011-02-27,103.69
2011-02-28,103.68
2011-03-01,103.67
2011-03-02,103.64
2011-03-03,103.63
2011-03-04,103.62
2011-03-05,103.6
2011-03-06,103.59
2011-03-07,103.58
2011-03-08,103.58
2011-03-09,103.57
2011-03-10,103.56
2011-03-11,103.55
2011-03-12,103.54
2011-03-13,103.65
2011-03-14,103.8
2011-03-15,103.83
2011-03-16,104.23
2011-03-17,104.43
2011-03-18,104.35
2011-03-19,104.29
2011-03-20,104.26
2011-03-21,104.21
2011-03-22,104.17
2011-03-23,104.13
2011-03-24,104.11
2011-03-25,104.1
2011-03-26,104.08
2011-03-27,104.06
2011-03-28,104.06
2011-03-29,104.07
2011-03-30,104.07
2011-03-31,104.07
2011-04-01,104.06
2011-04-02,104.06
2011-04-03,104.1
2011-04-04,104.13
2011-04-05,104.14
2011-04-06,104.13
2011-04-07,104.13
2011-04-08,104.16
2011-04-09,104.17
2011-04-10,104.18
2011-04-11,104.18
2011-04-12,104.17
2011-04-13,104.14
2011-04-14,104.11
2011-04-15,104.07
2011-04-16,104.01
2011-04-17,103.98
2011-04-18,103.96
2011-04-19,103.95
2011-04-20,103.93
2011-04-21,103.93
2011-04-22,103.93
2011-04-23,103.92
2011-04-24,103.93
2011-04-25,103.92
2011-04-26,103.91
2011-04-27,103.92
2011-04-28,103.97
2011-04-29,104.03
2011-04-30,104.05
2011-05-01,103.99
2011-05-02,103.95
2011-05-03,103.91
2011-05-04,103.88
2011-05-05,103.88
2011-05-06,103.88
2011-05-07,103.86
2011-05-08,103.85
2011-05-09,103.85
2011-05-10,103.88
2011-05-11,103.88
2011-05-12,103.89
2011-05-13,103.88
2011-05-14,103.87
2011-05-15,103.86
2011-05-16,103.82
2011-05-17,103.74
2011-05-18,103.71
2011-05-19,103.68
2011-05-20,103.67
2011-05-21,103.64
2011-05-22,103.64
2011-05-23,103.62
2011-05-24,103.62
2011-05-25,103.63
2011-05-26,103.63
2011-05-27,103.62
2011-05-28,103.62
2011-05-29,103.58
2011-05-30,103.56
2011-05-31,103.54
2011-06-01,103.53
2011-06-02,103.52
2011-06-03,103.56
2011-06-04,103.62
2011-06-05,103.66
2011-06-06,103.87
2011-06-07,103.84
2011-06-08,103.8
2011-06-09,103.79
2011-06-15,103.58
2011-06-16,103.58
2011-06-17,103.52
2011-06-18,103.48
2011-06-19,103.44
2011-06-20,103.4
2011-06-21,103.4
2011-06-22,103.4
2011-06-23,103.4
2011-06-24,103.4
2011-06-25,103.42
2011-06-26,103.42
2011-06-27,103.42
2011-06-28,103.42
2011-06-29,103.42
2011-06-30,103.37
2011-07-01,103.25
2011-07-02,103.19
2011-07-03,103.14
2011-07-04,103.1
2011-07-05,103.04
2011-07-06,102.99
2011-07-07,102.93
2011-07-08,102.87
2011-07-09,102.83
2011-07-10,102.8
2011-07-11,102.78
2011-07-12,102.76
2011-07-13,102.73
2011-07-14,102.7
2011-07-15,102.65
2011-07-16,102.61
2011-07-17,102.58
2011-07-18,102.55
2011-07-19,102.47
2011-07-20,102.4
2011-07-21,102.34
2011-07-22,102.29
2011-07-23,102.26
2011-07-24,102.23
2011-07-25,102.19
2011-07-26,102.15
2011-07-27,102.11
2011-07-28,102.09
2011-07-29,102.03
2011-07-30,101.95
2011-07-31,101.87
2011-08-01,101.77
2011-08-02,101.73
2011-08-03,101.73
2011-08-04,101.73
2011-08-05,101.73
2011-08-06,101.73
2011-08-07,101.73
2011-08-08,101.73
2011-08-09,101.7
2011-08-10,101.67
2011-08-11,101.64
2011-08-12,101.62
2011-08-13,101.6
2011-08-14,101.57
2011-08-15,101.57
2011-08-16,101.56
2011-08-17,101.53
2011-08-18,101.5
2011-08-19,101.5
2011-08-20,101.5
2011-08-21,101.5
2011-08-22,101.5
2011-08-23,101.5
2011-08-24,101.5
2011-08-25,101.5
2011-08-26,101.5
2011-08-27,101.5
2011-08-28,101.5
2011-08-29,101.5
2011-08-30,101.5
2011-08-31,101.5
2011-09-01,101.5
2011-09-02,101.5
2011-09-03,101.5
2011-09-04,101.5
2011-09-05,101.5
2011-09-06,101.5
2011-09-07,101.5
2011-09-08,101.5
2011-09-09,101.5
2011-09-10,101.5
2011-09-11,101.5
2011-09-12,101.5
2011-09-13,101.5
2011-09-14,101.5
2011-09-15,101.5
2011-09-16,101.5
2011-09-17,101.5
2011-09-18,101.5
2011-09-23,101.5
2011-09-24,101.5
2011-09-25,101.5
2011-09-26,101.5
2011-09-27,101.5
2011-09-28,101.5
2011-09-29,101.5
2011-09-30,101.5
2011-10-01,101.5
2011-10-02,101.5
2011-10-03,101.5
2011-10-04,101.5
2011-10-05,101.5
2011-10-06,101.5
2011-10-07,101.5
2011-10-08,101.5
2011-10-09,101.5
2011-10-10,101.5
2011-10-11,101.5
2011-10-12,101.5
2011-10-13,101.5
2011-10-14,101.5
2011-10-15,101.5
2011-10-16,101.5
2011-10-17,101.5
2011-10-18,101.5
2011-10-19,101.5
2011-10-20,99.82
2011-10-21,99.81
2011-10-22,99.77
2011-10-23,99.72
2011-10-24,99.69
2011-10-25,99.89
2011-10-26,100.54
2011-10-27,100.79
2011-10-28,100.93
2011-10-29,101.03
2011-10-30,101.13
2011-10-31,101.21
2011-11-01,101.26
2011-11-02,101.31
2011-11-03,101.35
2011-11-04,101.6
2011-11-05,103.04
2011-11-06,104.45
2011-11-07,104.69
2011-11-08,104.64
2011-11-09,104.64
2011-11-10,104.58
2011-11-11,104.5
2011-11-12,104.45
2011-11-13,104.41
2011-11-21,104.19
2011-11-22,104.18
2011-11-23,104.16
2011-11-24,104.13
2011-11-25,104.12
2011-11-26,104.11
2011-11-27,104.1
2011-11-28,104.08
2011-11-29,104.07
2011-11-30,104.08
2011-12-01,104.08
2011-12-02,104.07
2011-12-03,104.09
2011-12-04,104.09
2011-12-05,104.08
2011-12-06,104.06
2011-12-07,104.05
2011-12-08,104.03
2011-12-09,104.02
2011-12-10,103.98
2011-12-11,103.97
2011-12-12,103.94
2011-12-13,103.92
2011-12-14,103.9
2011-12-15,103.87
2011-12-16,103.87
2011-12-17,103.86
2011-12-18,103.83
2011-12-19,103.8
2011-12-20,103.77
2011-12-21,103.75
2011-12-22,103.73
2011-12-23,103.71
2011-12-24,103.69
2011-12-25,103.67
2011-12-26,103.65
2011-12-27,103.63
2011-12-28,103.61
2011-12-29,103.6
2011-12-30,103.58
2011-12-31,103.55
2012-01-01,103.54
2012-01-02,103.54
2012-01-03,103.53
2012-01-04,103.52
2012-01-05,103.5
2012-01-06,103.49
2012-01-07,103.45
2012-01-08,103.44
2012-01-09,103.42
2012-01-10,103.41
2012-01-11,103.39
2012-01-12,103.38
2012-01-13,103.36
2012-01-14,103.34
2012-01-15,103.33
2012-01-16,103.32
2012-01-17,103.3
2012-01-18,103.28
2012-01-19,103.26
2012-01-20,103.24
2012-01-21,103.22
2012-01-22,103.21
2012-01-23,103.21
2012-01-24,103.21
2012-01-25,103.2
2012-01-26,103.19
2012-01-27,103.18
2012-01-28,103.16
2012-01-29,103.16
2012-01-30,103.16
2012-01-31,103.16
2012-02-01,103.15
2012-02-02,103.13
2012-02-03,103.09
2012-02-04,103.06
2012-02-05,103.04
2012-02-06,103.02
2012-02-07,102.99
2012-02-08,102.98
2012-02-09,102.97
2012-02-10,102.96
2012-02-11,102.93
2012-02-12,102.91
2012-02-13,102.89
2012-02-14,102.87
2012-02-15,102.86
2012-02-16,102.85
2012-02-17,102.85
2012-02-18,102.84
2012-02-19,102.86
2012-02-20,102.87
2012-02-21,102.87
2012-02-22,102.87
2012-02-23,102.86
2012-02-24,102.86
2012-02-25,102.86
2012-02-26,102.88
2012-02-27,102.91
2012-02-28,102.92
2012-02-29,102.93
2012-03-01,102.93
2012-03-02,102.95
2012-03-03,102.96
2012-03-04,102.96
2012-03-05,102.96
2012-03-06,102.96
2012-03-07,102.93
2012-03-08,102.91
2012-03-09,102.89
2012-03-10,102.85
2012-03-11,102.84
2012-03-12,102.83
2012-03-13,102.82
2012-03-14,102.81
2012-03-15,102.81
2012-03-16,102.8
2012-03-17,102.79
2012-03-18,102.78
2012-03-19,102.78
2012-03-20,102.76
2012-03-21,102.74
2012-03-22,102.73
2012-03-23,102.73
2012-03-24,102.71
2012-03-25,102.7
2012-03-26,102.7
2012-03-27,102.7
2012-03-28,102.7
2012-03-29,102.7
2012-03-30,102.7
2012-03-31,102.69
2012-04-01,102.7
2012-04-02,102.72
2012-04-03,102.72
2012-04-04,102.73
2012-04-05,102.83
2012-04-06,102.88
2012-04-07,102.91
2012-04-08,102.91
2012-04-09,102.91
2012-04-10,102.9
2012-04-11,103.1
2012-04-12,103.31
2012-04-13,103.39
2012-04-14,103.43
2012-04-15,103.47
2012-04-16,103.5
2012-04-17,103.5
2012-04-18,103.53
2012-04-19,103.53
2012-04-20,103.52
2012-04-21,103.5
2012-04-22,103.49
2012-04-23,103.5
2012-04-24,103.5
2012-04-25,103.51
2012-04-26,103.49
2012-04-27,103.48
2012-04-28,103.5
2012-04-29,103.59
2012-04-30,103.72
2012-05-01,104.16
2012-05-02,104.21
2012-05-03,104.2
2012-05-04,104.18
2012-05-05,104.18
2012-05-06,104.23
2012-05-07,104.19
2012-05-08,104.15
2012-05-09,104.13
2012-05-10,104.14
2012-05-11,104.18
2012-05-12,104.22
2012-05-13,104.25
2012-05-14,104.23
2012-05-15,104.17
2012-05-16,104.12
2012-05-17,104.07
2012-05-18,104.05
2012-05-19,104.03
2012-05-20,104.02
2012-05-21,104.15
2012-05-22,104.19
2012-05-23,104.14
2012-05-24,104.1
2012-05-25,104.1
2012-05-26,104.15
2012-05-27,104.12
2012-05-28,104.12
2012-05-29,104.07
2012-05-30,104.03
2012-06-04,103.79
2012-06-05,103.74
2012-06-06,103.68
2012-06-07,103.65
2012-06-08,103.64
2012-06-09,103.62
2012-06-10,103.6
2012-06-11,103.58
2012-06-12,103.55
2012-06-13,103.51
2012-06-14,103.49
2012-06-15,103.48
2012-06-16,103.44
2012-06-17,103.43
2012-06-18,103.43
2012-06-25,103.28
2012-06-26,103.26
2012-06-27,103.23
2012-06-28,103.21
2012-06-29,103.2
2012-06-30,103.18
2012-07-01,103.17
2012-07-02,103.15
2012-07-03,103.14
2012-07-04,103.13
2012-07-05,103.1
2012-07-06,103.01
2012-07-07,102.92
2012-07-08,102.87
2012-07-09,102.82
2012-07-10,102.79
2012-07-11,102.77
2012-07-12,102.74
2012-07-13,102.71
2012-07-14,102.66
2012-07-15,102.63
2012-07-16,102.6
2012-07-17,102.56
2012-07-18,102.52
2012-07-19,102.49
2012-07-20,102.46
2012-07-21,102.43
2012-07-22,102.41
2012-07-23,102.39
2012-07-24,102.28
2012-07-25,102.2
2012-07-26,102.13
2012-07-27,102.04
2012-07-28,101.93
2012-07-29,101.85
2012-07-30,101.79
2012-07-31,101.72
2012-08-01,101.66
2012-08-02,101.61
2012-08-03,101.55
2012-08-04,101.53
2012-08-05,101.53
2012-08-06,101.53
2012-08-07,101.53
2012-08-08,101.53
2012-08-09,101.53
2012-08-10,101.53
2012-08-11,101.53
2012-08-12,101.53
2012-08-13,101.53
2012-08-14,101.53
2012-08-15,101.53
2012-08-16,101.53
2012-08-17,101.53
2012-08-18,101.53
2012-08-19,101.53
2012-08-20,101.53
2012-08-21,101.53
2012-08-22,101.53
2012-08-23,101.53
2012-08-24,101.53
2012-08-25,101.53
2012-08-26,101.53
2012-08-27,101.53
2012-08-28,101.53
2012-08-29,101.53
2012-08-30,101.53
2012-08-31,101.53
2012-09-01,101.53
2012-09-02,101.53
2012-09-03,101.53
2012-09-04,101.53
2012-09-05,101.53
2012-09-06,101.53
2012-09-07,101.53
2012-09-08,101.53
2012-09-09,101.53
2012-09-10,101.53
2012-09-11,101.53
2012-09-12,101.53
2012-09-13,101.53
2012-09-14,101.53
2012-09-15,101.53
2012-09-16,101.53
2012-09-17,101.53
2012-09-18,101.53
2012-09-19,101.53
2012-09-20,101.53
2012-09-21,101.53
2012-09-22,101.53
2012-09-23,101.53
2012-09-24,101.53
2012-09-25,101.53
2012-09-26,101.53
2012-09-27,99.11
2012-09-28,99.06
2012-09-29,98.99
2012-09-30,98.93
2012-10-01,98.85
2012-10-02,98.76
2012-10-03,98.68
2012-10-04,98.59
2012-10-05,98.51
2012-10-06,98.44
2012-10-07,98.35
2012-10-08,98.3
2012-10-09,98.24
2012-10-10,98.2
2012-10-11,98.16
2012-10-12,98.16
2012-10-13,98.16
2012-10-14,98.16
2012-10-15,97.9
2012-10-16,97.86
2012-10-17,97.8
2012-10-18,97.74
2012-10-19,97.69
2012-10-20,97.63
2012-10-21,97.56
2012-10-22,97.52
2012-10-23,97.49
2012-10-24,97.44
2012-10-25,97.4
2012-10-26,97.33
2012-10-27,97.36
2012-10-28,97.45
2012-10-29,97.48
2012-10-30,97.48
2012-10-31,97.48
2012-11-01,97.48
2012-11-02,97.49
2012-11-03,97.49
2012-11-04,97.49
2012-11-05,99.27
2012-11-06,99.88
2012-11-07,99.92
2012-11-08,99.92
2012-11-09,99.92
2012-11-10,99.93
2012-11-11,99.93
2012-11-12,99.93
2012-11-13,99.93
2012-11-14,99.93
2012-11-15,99.93
2012-11-16,99.93
2012-11-17,99.93
2012-11-18,99.93
2012-11-19,99.93
2012-11-20,99.93
2012-11-21,99.93
2012-11-22,99.93
2012-11-23,99.93
2012-11-24,99.93
2012-11-25,99.93
2012-11-26,99.93
2012-11-27,99.93
2012-11-28,99.93
2012-11-29,99.93
2012-11-30,99.93
2012-12-01,99.93
2012-12-02,99.93
2012-12-03,99.93
2012-12-04,99.93
2012-12-05,99.93
2012-12-06,99.93
2012-12-07,99.93
2012-12-08,99.93
2012-12-09,99.93
2012-12-10,99.93
2012-12-11,99.93
2012-12-12,99.93
2012-12-13,99.93
2012-12-14,99.93
2012-12-15,99.93
2012-12-16,99.93
2012-12-17,99.93
2012-12-18,99.93
2012-12-19,99.93
2012-12-20,99.93
2012-12-21,99.93
2012-12-22,99.93
2012-12-23,99.93
2012-12-24,99.93
2012-12-25,99.93
2012-12-26,99.93
2012-12-27,99.93
2012-12-28,99.93
2012-12-29,99.93
2012-12-30,99.93
2012-12-31,99.93
2013-01-01,99.93
2013-01-02,99.93
2013-01-03,99.93
2013-01-04,99.93
2013-01-05,99.93
2013-01-06,99.93
2013-01-07,99.93
2013-01-08,99.93
2013-01-09,99.93
2013-01-10,99.93
2013-01-11,99.93
2013-01-12,99.93
2013-01-13,99.93
2013-01-14,99.93
2013-01-15,99.93
2013-01-16,99.93
2013-01-17,99.93
2013-01-18,99.93
2013-01-19,99.93
2013-01-20,99.93
2013-01-21,99.93
2013-01-22,99.93
2013-01-23,99.93
2013-01-24,99.93
2013-01-25,104.35
2013-01-26,104.34
2013-01-27,104.31
2013-01-28,104.3
2013-01-29,104.28
2013-01-30,104.26
2013-01-31,104.27
2013-02-01,104.29
2013-02-02,104.32
2013-02-03,104.31
2013-02-04,104.27
2013-02-05,104.25
2013-02-06,104.24
2013-02-07,104.22
2013-02-08,104.19
2013-02-09,104.16
2013-02-10,104.12
2013-02-11,104.11
2013-02-12,104.1
2013-02-13,104.08
2013-02-14,104.06
2013-02-15,104.04
2013-02-16,104.02
2013-02-17,103.99
2013-02-18,103.99
2013-02-19,103.99
2013-02-20,103.98
2013-02-21,103.97
2013-02-22,103.96
2013-02-23,103.96
2013-02-24,103.93
2013-02-25,103.92
2013-02-26,103.91
2013-02-27,103.89
2013-02-28,103.88
2013-03-01,103.87
2013-03-02,103.86
2013-03-03,103.84
2013-03-04,103.85
2013-03-05,103.85
2013-03-06,104.03
2013-03-07,104.55
2013-03-08,104.83
2013-03-09,104.83
2013-03-10,104.71
2013-03-11,104.6
2013-03-12,104.54
2013-03-13,104.5
2013-03-14,104.47
2013-03-15,104.44
2013-03-16,104.39
2013-03-17,104.35
2013-03-18,104.5
2013-03-19,104.51
2013-03-20,104.48
2013-03-21,104.45
2013-03-22,104.42
2013-03-23,104.43
2013-03-24,104.61
2013-03-25,104.7
2013-03-26,104.7
2013-03-27,104.65
2013-03-28,104.6
2013-03-29,104.61
2013-03-30,104.7
2013-03-31,104.71
2013-04-01,104.68
2013-04-02,104.62
2013-04-03,104.57
2013-04-04,104.52
2013-04-05,104.51
2013-04-06,104.49
2013-04-07,104.47
2013-04-08,104.44
2013-04-09,104.43
2013-04-10,104.39
2013-04-11,104.35
2013-04-12,104.35
2013-04-13,104.37
2013-04-14,104.36
2013-04-15,104.4
2013-04-16,104.42
2013-04-17,104.47
2013-04-18,104.5
2013-04-19,104.54
2013-04-20,104.57
2013-04-21,104.54
2013-04-22,104.42
2013-04-23,104.34
2013-04-24,104.28
2013-04-25,104.26
2013-04-26,104.33
2013-04-27,104.57
2013-04-28,104.65
2013-04-29,105.22
2013-04-30,105.54
2013-05-01,105.5
2013-05-02,105.27
2013-05-03,105.11
2013-05-04,105.01
2013-05-05,104.92
2013-05-06,104.85
2013-05-07,104.79
2013-05-08,104.73
2013-05-09,104.69
2013-05-10,104.8
2013-05-11,104.81
2013-05-12,104.74
2013-05-13,104.65
2013-05-14,104.61
2013-05-15,104.56
2013-05-16,104.83
2013-05-17,104.96
2013-05-18,105.17
2013-05-19,105.49
2013-05-20,105.31
2013-05-21,105.09
2013-05-22,104.96
2013-05-23,104.91
2013-05-24,104.84
2013-05-25,104.76
2013-05-26,104.69
2013-05-27,104.63
2013-05-28,104.59
2013-05-29,104.63
2013-05-30,104.61
2013-05-31,104.58
2013-06-01,104.54
2013-06-02,104.51
2013-06-03,104.55
2013-06-04,104.57
2013-06-05,104.53
2013-06-06,104.49
2013-06-07,104.51
2013-06-08,104.52
2013-06-09,104.67
2013-06-10,104.67
2013-06-11,104.56
2013-06-12,104.49
2013-06-13,104.49
2013-06-14,104.52
2013-06-15,104.54
2013-06-16,104.55
2013-06-17,104.56
2013-06-18,104.56
2013-06-19,104.53
2013-06-20,104.51
2013-06-21,104.51
2013-06-22,104.42
2013-06-23,104.35
2013-06-24,104.3
2013-06-25,104.27
2013-06-26,104.22
2013-06-27,104.18
2013-06-28,104.17
2013-06-29,104.13
2013-06-30,104.09
2013-07-01,104.09
2013-07-02,104.1
2013-07-03,104.05
2013-07-04,104.02
2013-07-05,103.99
2013-07-06,103.98
2013-07-07,104.01
2013-07-08,103.96
2013-07-09,103.91
2013-07-10,103.8
2013-07-11,103.77
2013-07-12,103.67
2013-07-13,103.58
2013-07-14,103.48
2013-07-15,103.44
2013-07-16,103.17
2013-07-17,103.03
2013-07-18,102.92
2013-07-19,102.75
2013-07-20,102.66
2013-07-21,102.48
2013-07-22,102.33
2013-07-23,102.24
2013-07-24,102.0
2013-07-25,101.81
2013-07-26,101.69
2013-07-27,101.59
2013-07-28,101.5
2013-07-29,101.44
2013-07-30,101.34
2013-07-31,101.16
2013-08-01,101.03
2013-08-02,100.93
2013-08-03,100.85
2013-08-04,100.75
2013-08-05,100.68
2013-08-06,100.61
2013-08-07,100.55
2013-08-08,100.49
2013-08-09,100.44
2013-08-10,100.36
2013-08-11,100.31
2013-08-12,100.25
2013-08-13,100.23
2013-08-14,100.24
2013-08-15,100.23
2013-08-16,100.09
2013-08-17,99.97
2013-08-18,99.89
2013-08-19,99.82
2013-08-20,99.77
2013-08-21,99.77
2013-08-22,99.75
2013-08-23,99.72
2013-08-24,99.72
2013-08-25,99.71
2013-08-26,99.63
2013-08-27,99.57
2013-08-28,99.49
2013-08-29,99.55
2013-08-30,99.62
2013-08-31,99.67
2013-09-01,99.73
2013-09-02,99.77
2013-09-03,99.82
2013-09-04,99.94
2013-09-05,100.07
2013-09-06,100.16
2013-09-07,100.22
2013-09-08,100.27
2013-09-09,100.28
2013-09-10,100.34
2013-09-11,100.42
2013-09-12,100.49
2013-09-13,100.53
2013-09-14,100.57
2013-09-15,100.61
2013-09-16,100.62
2013-09-17,100.62
2013-09-18,100.6
2013-09-19,100.59
2013-09-20,100.58
2013-09-21,100.57
2013-09-22,100.53
2013-09-23,100.51
2013-09-24,100.52
2013-09-25,100.54
2013-09-26,100.55
2013-09-27,100.58
2013-09-28,100.58
2013-09-29,100.6
2013-09-30,100.6
2013-10-01,100.53
2013-10-02,100.48
2013-10-03,100.48
2013-10-04,100.45
2013-10-05,100.45
2013-10-06,100.42
2013-10-07,100.3
2013-10-08,100.19
2013-10-09,100.12
2013-10-10,100.11
2013-10-11,100.08
2013-10-12,100.08
2013-10-13,100.02
2013-10-14,100.01
2013-10-15,99.99
2013-10-16,99.94
2013-10-17,99.93
2013-10-18,99.89
2013-10-19,99.89
2013-10-20,99.87
2013-10-21,99.87
2013-10-22,99.87
2013-10-23,99.92
2013-10-24,99.99
2013-10-25,99.93
2013-10-26,99.91
2013-10-27,99.92
2013-10-28,99.93
2013-10-29,99.96
2013-10-30,99.98
2013-10-31,99.98
2013-11-01,99.98
2013-11-02,99.99
2013-11-03,100.0
2013-11-04,100.0
2013-11-05,100.0
2013-11-06,99.97
2013-11-07,99.96
2013-11-08,99.95
2013-11-09,99.95
2013-11-10,99.92
2013-11-11,99.92
2013-11-12,99.87
2013-11-13,99.84
2013-11-14,99.83
2013-11-15,99.82
2013-11-16,99.82
2013-11-17,99.78
2013-11-18,99.74
2013-11-19,99.73
2013-11-20,99.73
2013-11-21,99.73
2013-11-22,99.72
2013-11-23,99.68
2013-11-24,99.66
2013-11-25,99.64
2013-11-26,99.62
2013-11-27,99.6
2013-11-28,99.57
2013-11-29,99.53
2013-11-30,99.49
2013-12-01,99.45
2013-12-02,99.43
2013-12-03,99.41
2013-12-04,99.4
2013-12-05,99.37
2013-12-06,99.33
2013-12-07,99.3
2013-12-08,99.25
2013-12-09,99.24
2013-12-10,99.22
2013-12-11,99.2
2013-12-12,99.18
2013-12-13,99.16
2013-12-14,99.13
2013-12-15,99.07
2013-12-16,99.07
2013-12-17,99.05
2013-12-18,99.02
2013-12-19,99.0
2013-12-20,99.18
2013-12-21,99.29
2013-12-22,99.4
2013-12-23,99.47
2013-12-24,99.53
2013-12-25,100.13
2013-12-26,103.22
2013-12-27,103.23
2013-12-28,103.23
2013-12-29,103.23
2013-12-30,103.23
2013-12-31,103.23
2014-01-01,103.23
2014-01-02,103.23
2014-01-03,103.23
2014-01-04,103.23
2014-01-05,103.24
2014-01-06,103.24
2014-01-07,103.24
2014-01-08,103.23
2014-01-09,103.23
2014-01-10,103.23
2014-01-11,103.23
2014-01-12,103.23
2014-01-13,103.24
2014-01-14,103.24
2014-01-15,103.23
2014-01-16,103.23
2014-01-17,103.23
2014-01-18,103.23
2014-01-19,103.24
2014-01-20,103.24
2014-01-21,103.24
2014-01-22,103.24
2014-01-23,103.24
2014-01-24,103.24
2014-01-25,103.24
2014-01-26,103.26
2014-01-27,103.26
2014-01-28,103.26
2014-01-29,103.26
2014-01-30,103.26
2014-01-31,103.27
2014-02-01,103.27
2014-02-02,103.27
2014-02-03,103.27
2014-02-04,103.27
2014-02-05,103.27
2014-02-06,103.54
2014-02-07,103.55
2014-02-08,103.67
2014-02-09,103.68
2014-02-10,103.68
2014-02-11,103.68
2014-02-12,103.79
2014-02-13,104.48
2014-02-14,104.47
2014-02-15,104.43
2014-02-16,104.46
2014-02-17,104.54
2014-02-18,104.54
2014-02-19,104.48
2014-02-20,104.46
2014-02-21,104.45
2014-02-22,104.42
2014-02-23,104.42
2014-02-24,104.42
2014-02-25,104.42
2014-02-26,104.42
2014-02-27,104.42
2014-02-28,104.42
2014-03-01,104.42
2014-03-02,104.42
2014-03-03,104.42
2014-03-04,104.42
2014-03-05,104.42
2014-03-06,104.42
2014-03-07,104.42
2014-03-08,104.42
2014-03-09,104.42
2014-03-10,104.42
2014-03-11,104.42
2014-03-12,104.42
2014-03-13,104.42
2014-03-14,104.42
2014-03-15,104.42
2014-03-16,104.42
2014-03-17,104.42
2014-03-18,104.42
2014-03-19,104.42
2014-03-20,104.42
2014-03-21,104.42
2014-03-22,104.42
2014-03-23,104.42
2014-03-24,104.42
2014-03-25,104.42
2014-03-26,104.42
2014-03-27,104.42
2014-03-28,104.42
2014-03-29,104.42
2014-03-30,104.42
2014-03-31,104.42
2014-04-01,104.42
2014-04-02,104.42
2014-04-03,104.42
2014-04-04,103.76
2014-04-05,103.72
2014-04-06,103.71
2014-04-07,103.76
2014-04-08,103.81
2014-04-09,103.8
2014-04-10,103.81
2014-04-11,103.83
2014-04-12,103.84
2014-04-13,103.87
2014-04-14,103.88
2014-04-15,103.92
2014-04-16,103.91
2014-04-17,103.87
2014-04-18,103.82
2014-04-19,103.8
2014-04-20,103.76
2014-04-21,103.74
2014-04-22,103.7
2014-04-23,103.67
2014-04-24,103.67
2014-04-25,103.71
2014-04-26,103.71
2014-04-27,103.72
2014-04-28,103.72
2014-04-29,103.67
2014-04-30,103.62
2014-05-01,103.61
2014-05-02,103.59
2014-05-03,103.59
2014-05-04,103.56
2014-05-05,103.56
2014-05-06,103.56
2014-05-07,103.57
2014-05-08,103.61
2014-05-09,103.62
2014-05-10,103.67
2014-05-11,103.69
2014-05-12,103.7
2014-05-13,103.68
2014-05-14,103.62
2014-05-15,103.57
2014-05-16,103.52
2014-05-17,103.51
2014-05-18,103.49
2014-05-19,103.49
2014-05-20,103.49
2014-05-21,103.48
2014-05-22,103.55
2014-05-23,103.67
2014-05-24,103.67
2014-05-25,103.64
2014-05-26,103.6
2014-05-27,103.56
2014-05-28,103.52
2014-05-29,103.44
2014-05-30,103.39
2014-05-31,103.36
2014-06-01,103.3
2014-06-02,103.24
2014-06-03,103.23
2014-06-04,103.2
2014-06-05,103.17
2014-06-06,103.15
2014-06-07,103.16
2014-06-08,103.21
2014-06-09,103.25
2014-06-10,103.27
2014-06-11,103.27
2014-06-12,103.03
2014-06-13,102.94
2014-06-14,102.89
2014-06-15,102.76
2014-06-16,102.58
2014-06-17,102.47
2014-06-18,102.38
2014-06-19,102.23
2014-06-20,102.11
2014-06-21,102.0
2014-06-22,101.93
2014-06-23,101.87
2014-06-24,101.84
2014-06-25,101.8
2014-06-26,101.7
2014-06-27,101.54
2014-06-28,101.4
2014-06-29,101.29
2014-06-30,101.19
2014-07-01,101.1
2014-07-02,101.03
2014-07-03,100.95
2014-07-04,100.91
2014-07-05,100.85
2014-07-06,100.8
2014-07-07,100.76
2014-07-08,100.71
2014-07-09,100.62
2014-07-10,100.52
2014-07-11,100.46
2014-07-12,100.4
2014-07-13,100.32
2014-07-14,100.22
2014-07-15,100.13
2014-07-16,100.09
2014-07-17,99.99
2014-07-18,99.86
2014-07-19,99.75
2014-07-20,99.67
2014-07-21,99.61
2014-07-22,99.57
2014-07-23,99.56
2014-07-24,99.56
2014-07-25,99.49
2014-07-26,99.42
2014-07-27,99.36
2014-07-28,99.29
2014-07-29,99.24
2014-07-30,99.22
2014-07-31,99.33
2014-08-01,99.35
2014-08-02,99.63
2014-08-03,99.75
2014-08-04,99.84
2014-08-05,99.9
2014-08-06,99.91
2014-08-07,99.97
2014-08-08,99.97
2014-08-09,99.96
2014-08-10,99.98
2014-08-11,99.98
2014-08-12,100.0
2014-08-13,100.0
2014-08-14,99.96
2014-08-15,99.73
2014-08-16,99.63
2014-08-17,99.56
2014-08-18,99.42
2014-08-19,99.35
2014-08-20,99.27
2014-08-21,99.17
2014-08-22,99.1
2014-08-23,99.03
2014-08-24,98.99
2014-08-25,98.95
2014-08-26,98.92
2014-08-27,98.9
2014-08-28,98.84
2014-08-29,98.8
2014-08-30,98.74
2014-08-31,98.7
2014-09-01,98.65
2014-09-02,98.62
2014-09-03,98.56
2014-09-04,98.53
2014-09-05,98.5
2014-09-06,98.5
2014-09-07,98.5
2014-09-08,98.5
2014-09-09,98.5
2014-09-10,98.5
2014-09-11,98.5
2014-09-12,98.5
2014-09-13,98.5
2014-09-14,98.5
2014-09-15,98.5
2014-09-16,98.5
2014-09-17,98.5
2014-09-18,98.5
2014-09-19,98.5
2014-09-20,98.5
2014-09-21,98.5
2014-09-22,98.5
2014-09-23,98.5
2014-09-24,98.5
2014-09-25,98.5
2014-09-26,98.5
2014-09-27,98.5
2014-09-28,98.5
2014-09-29,98.5
2014-09-30,98.5
2014-10-01,98.5
2014-10-02,98.5
2014-10-03,98.5
2014-10-04,98.5
2014-10-05,98.5
2014-10-06,98.5
2014-10-07,98.5
2014-10-08,98.5
2014-10-09,98.5
2014-10-10,98.5
2014-10-11,98.5
2014-10-12,98.5
2014-10-13,98.5
2014-10-14,98.5
2014-10-15,98.5
2014-10-16,98.5
2014-10-17,98.5
2014-10-18,98.5
2014-10-19,98.5
2014-10-20,98.5
2014-10-21,98.5
2014-10-22,98.5
2014-10-23,98.5
2014-10-24,98.5
2014-10-25,98.5
2014-10-26,98.5
2014-10-27,98.5
2014-10-28,98.5
2014-10-29,98.5
2014-10-30,98.5
2014-10-31,98.5
2014-11-01,98.5
2014-11-02,98.5
2014-11-03,98.5
2014-11-04,98.5
2014-11-05,98.5
2014-11-06,101.2
2014-11-07,101.58
2014-11-08,101.93
2014-11-09,102.27
2014-11-10,103.12
2014-11-11,103.3
2014-11-12,103.3
2014-11-13,103.31
2014-11-14,103.31
2014-11-15,103.31
2014-11-16,103.33
2014-11-17,103.34
2014-11-18,103.34
2014-11-19,103.34
2014-11-20,104.18
2014-11-21,104.18
2014-11-22,104.13
2014-11-23,104.1
2014-11-24,104.08
2014-11-25,104.24
2014-11-26,104.37
2014-11-27,104.58
2014-11-28,104.63
2014-11-29,104.63
2014-11-30,104.52
2014-12-01,104.71
2014-12-02,104.71
2014-12-03,104.63
2014-12-04,104.52
2014-12-05,104.44
2014-12-06,104.33
2014-12-07,104.28
2014-12-08,104.21
2014-12-09,104.16
2014-12-10,104.13
2014-12-11,104.09
2014-12-12,104.06
2014-12-13,104.03
2014-12-14,104.0
2014-12-15,104.0
2014-12-16,103.98
2014-12-17,103.95
2014-12-18,103.93
2014-12-19,103.91
2014-12-20,103.9
2014-12-21,103.87
2014-12-22,103.84
2014-12-23,103.82
2014-12-24,103.81
2014-12-25,103.8
2014-12-26,103.78
2014-12-27,103.76
2014-12-28,103.76
2014-12-29,103.72
2014-12-30,103.69
2014-12-31,103.68
2015-01-01,103.66
2015-01-02,103.64
2015-01-03,103.63
2015-01-04,103.62
2015-01-05,103.61
2015-01-06,103.6
2015-01-07,103.58
2015-01-08,103.56
2015-01-09,103.55
2015-01-10,103.54
2015-01-11,103.53
2015-01-12,103.51
2015-01-13,103.5
2015-01-14,103.49
2015-01-15,103.48
2015-01-16,103.52
2015-01-17,103.71
2015-01-18,103.67
2015-01-19,103.6
2015-01-20,103.56
2015-01-21,103.54
2015-01-22,103.57
2015-01-23,103.56
2015-01-24,103.54
2015-01-25,103.52
2015-01-26,103.5
2015-01-27,103.48
2015-01-28,103.47
2015-01-29,103.46
2015-01-30,103.48
2015-01-31,103.46
2015-02-01,103.44
2015-02-02,103.42
2015-02-03,103.41
2015-02-04,103.38
2015-02-05,103.38
2015-02-06,103.36
2015-02-07,103.35
2015-02-08,103.35
2015-02-09,103.34
2015-02-10,103.33
2015-02-11,103.33
2015-02-12,103.33
2015-02-13,103.33
2015-02-14,103.36
2015-02-15,103.37
2015-02-16,103.38
2015-02-17,103.37
2015-02-18,103.37
2015-02-19,103.36
2015-02-20,103.35
2015-02-21,103.4
2015-02-22,103.41
2015-02-23,103.41
2015-02-24,103.4
2015-02-25,103.38
2015-02-26,103.36
2015-02-27,103.34
2015-02-28,103.33
2015-03-01,103.31
2015-03-02,103.32
2015-03-03,103.36
2015-03-04,103.35
2015-03-05,103.34
2015-03-06,103.31
2015-03-07,103.28
2015-03-08,103.27
2015-03-09,103.26
2015-03-10,103.25
2015-03-11,103.24
2015-03-12,103.23
2015-03-13,103.23
2015-03-14,103.21
2015-03-15,103.21
2015-03-16,103.19
2015-03-17,103.18
2015-03-18,103.18
2015-03-19,103.17
2015-03-20,103.18
2015-03-21,103.18
2015-03-22,103.18
2015-03-23,103.18
2015-03-24,103.16
2015-03-25,103.18
2015-03-26,103.17
2015-03-27,103.17
2015-03-28,103.15
2015-03-29,103.15
2015-03-30,103.17
2015-03-31,103.23
2015-04-01,103.22
2015-04-02,103.2
2015-04-03,103.19
2015-04-04,103.18
2015-04-05,103.18
2015-04-06,103.16
2015-04-07,103.13
2015-04-08,103.11
2015-04-09,103.09
2015-04-10,103.11
2015-04-11,103.11
2015-04-12,103.11
2015-04-13,103.12
2015-04-14,103.14
2015-04-15,103.16
2015-04-16,103.17
2015-04-17,103.15
2015-04-18,103.14
2015-04-19,103.14
2015-04-20,103.13
2015-04-21,103.09
2015-04-22,103.09
2015-04-23,103.12
2015-04-24,103.1
2015-04-25,103.09
2015-04-26,103.09
2015-04-27,103.39
2015-04-28,103.39
2015-04-29,103.31
2015-04-30,103.24
2015-05-01,103.21
2015-05-02,103.25
2015-05-03,103.28
2015-05-04,103.33
2015-05-05,103.36
2015-05-06,103.35
2015-05-07,103.34
2015-05-08,103.31
2015-05-09,103.28
2015-05-10,103.24
2015-05-11,103.23
2015-05-12,103.22
2015-05-13,103.25
2015-05-14,103.25
2015-05-15,103.28
2015-05-16,103.25
2015-05-17,103.19
2015-05-18,103.17
2015-05-19,103.16
2015-05-20,103.14
2015-05-21,103.11
2015-05-22,103.08
2015-05-23,103.05
2015-05-24,103.01
2015-05-25,103.0
2015-05-26,103.01
2015-05-27,102.99
2015-05-28,102.98
2015-05-29,102.97
2015-05-30,102.97
2015-05-31,102.97
2015-06-01,102.96
2015-06-02,102.94
2015-06-03,102.93
2015-06-04,102.93
2015-06-05,102.93
2015-06-06,102.94
2015-06-07,102.91
2015-06-08,102.89
2015-06-09,102.76
2015-06-10,102.67
2015-06-11,102.52
2015-06-12,102.46
2015-06-13,102.71
2015-06-14,102.43
2015-06-15,102.33
2015-06-16,102.25
2015-06-17,102.19
2015-06-18,102.11
2015-06-19,102.07
2015-06-20,102.02
2015-06-21,101.95
2015-06-22,101.91
2015-06-23,101.85
2015-06-24,101.8
2015-06-25,101.75
2015-06-26,101.72
2015-06-27,101.69
2015-06-28,101.67
2015-06-29,101.65
2015-06-30,101.63
2015-07-01,101.61
2015-07-02,101.6
2015-07-03,101.58
2015-07-04,101.58
2015-07-05,101.4
2015-07-06,101.23
2015-07-07,101.11
2015-07-08,101.02
2015-07-09,100.96
2015-07-10,100.9
2015-07-11,100.85
2015-07-12,100.8
2015-07-13,100.76
2015-07-14,100.72
2015-07-15,100.69
2015-07-16,100.65
2015-07-17,100.61
2015-07-18,100.57
2015-07-19,100.55
2015-07-20,100.33
2015-07-21,100.16
2015-07-22,100.0
2015-07-23,99.85
2015-07-24,99.71
2015-07-25,99.57
2015-07-26,99.42
2015-07-27,99.3
2015-07-28,99.2
2015-07-29,99.11
2015-07-30,99.08
2015-07-31,99.09
2015-08-01,99.1
2015-08-02,99.11
2015-08-03,99.12
2015-08-04,99.14
2015-08-05,99.16
2015-08-06,99.17
2015-08-07,99.18
2015-08-08,99.18
2015-08-09,99.18
2015-08-10,99.14
2015-08-11,99.06
2015-08-12,98.96
2015-08-13,98.85
2015-08-14,98.77
2015-08-15,98.68
2015-08-16,98.58
2015-08-17,98.48
2015-08-18,98.39
2015-08-19,98.3
2015-08-20,98.21
2015-08-21,98.14
2015-08-22,98.07
2015-08-23,98.0
2015-08-24,97.94
2015-08-25,97.87
2015-08-26,97.82
2015-08-27,97.75
2015-08-28,97.67
2015-08-29,97.6
2015-08-30,97.52
2015-08-31,97.46
2015-09-01,97.4
2015-09-02,97.33
2015-09-03,97.28
2015-09-04,97.21
2015-09-05,97.16
2015-09-06,97.09
2015-09-07,97.05
2015-09-08,96.99
2015-09-09,96.92
2015-09-10,96.87
2015-09-11,96.81
2015-09-12,96.77
2015-09-13,96.71
2015-09-14,96.68
2015-09-15,96.66
2015-09-16,96.63
2015-09-17,96.61
2015-09-18,96.59
2015-09-19,96.55
2015-09-20,96.5
2015-09-21,96.46
2015-09-22,96.42
2015-09-23,96.37
2015-09-24,96.34
2015-09-25,96.28
2015-09-26,96.26
2015-09-27,96.26
2015-09-28,96.28
2015-09-29,96.28
2015-09-30,96.29
2015-10-01,96.29
2015-10-02,96.31
2015-10-03,96.37
2015-10-04,96.69
2015-10-05,96.98
2015-10-06,97.26
2015-10-07,97.48
2015-10-08,97.64
2015-10-09,97.78
2015-10-10,97.93
2015-10-11,98.08
2015-10-12,98.2
2015-10-13,98.35
2015-10-14,98.48
2015-10-15,98.58
2015-10-16,98.64
2015-10-17,98.66
2015-10-18,98.72
2015-10-19,98.77
2015-10-20,98.79
2015-10-21,98.85
2015-10-22,98.87
2015-10-23,98.9
2015-10-24,98.91
2015-10-25,98.95
2015-10-26,98.99
2015-10-27,99.0
2015-10-28,99.11
2015-10-29,99.52
2015-10-30,99.68
2015-10-31,99.72
2015-11-01,99.74
2015-11-02,99.74
2015-11-03,99.74
2015-11-04,99.76
2015-11-05,99.75
2015-11-06,99.72
2015-11-07,99.69
2015-11-08,99.65
2015-11-09,99.64
2015-11-10,99.62
2015-11-11,99.59
2015-11-12,99.58
2015-11-13,99.56
2015-11-14,99.54
2015-11-15,99.5
2015-11-16,99.48
2015-11-17,99.55
2015-11-18,99.68
2015-11-19,99.81
2015-11-20,99.94
2015-11-21,100.01
2015-11-22,100.08
2015-11-23,100.14
2015-11-24,100.2
2015-11-25,100.26
2015-11-26,100.29
2015-11-27,100.29
2015-11-28,100.33
2015-11-29,100.36
2015-11-30,100.4
2015-12-01,100.44
2015-12-02,100.46
2015-12-03,100.47
2015-12-04,100.49
2015-12-05,100.49
2015-12-06,100.53
2015-12-07,100.57
2015-12-08,100.6
2015-12-09,100.63
2015-12-10,100.63
2015-12-11,100.6
2015-12-12,100.55
2015-12-13,100.49
2015-12-14,100.47
2015-12-15,100.45
2015-12-16,100.44
2015-12-17,100.43
2015-12-18,100.43
2015-12-19,100.45
2015-12-20,100.49
2015-12-21,100.51
2015-12-22,100.53
2015-12-23,100.53
2015-12-24,100.54
2015-12-25,100.54
2015-12-26,100.55
2015-12-27,100.53
2015-12-28,100.52
2015-12-29,100.51
2015-12-30,100.5
2015-12-31,100.48
2016-01-01,100.48
2016-01-02,100.51
2016-01-03,100.52
2016-01-04,100.54
2016-01-05,100.53
2016-01-06,100.52
2016-01-07,100.5
2016-01-08,100.47
2016-01-09,100.47
2016-01-10,100.48
2016-01-11,100.48
2016-01-12,100.49
2016-01-13,100.49
2016-01-14,100.48
2016-01-15,100.46
2016-01-16,100.44
2016-01-17,100.41
2016-01-18,100.37
2016-01-19,100.35
2016-01-20,100.34
2016-01-21,100.33
2016-01-22,100.31
2016-01-23,100.29
2016-01-24,100.28
2016-01-25,100.26
2016-01-26,100.25
2016-01-27,100.25
2016-01-28,100.23
2016-01-29,100.22
2016-01-30,100.21
2016-01-31,100.21
2016-02-01,100.19
2016-02-02,100.21
2016-02-03,100.22
2016-02-04,100.21
2016-02-05,100.16
2016-02-06,100.14
2016-02-07,100.22
2016-02-08,100.39
2016-02-09,100.52
2016-02-10,100.63
2016-02-11,100.69
2016-02-12,100.75
2016-02-13,100.78
2016-02-14,100.86
2016-02-15,100.9
2016-02-16,100.93
2016-02-17,100.97
2016-02-18,100.99
2016-02-19,101.0
2016-02-20,101.0
2016-02-21,101.0
2016-02-22,101.03
2016-02-23,101.07
2016-02-24,101.07
2016-02-25,101.07
2016-02-26,101.07
2016-02-27,101.07
2016-02-28,101.08
2016-02-29,101.08
2016-03-01,101.1
2016-03-02,101.14
2016-03-03,101.14
2016-03-04,101.13
2016-03-05,101.62
2016-03-06,102.07
2016-03-07,102.27
2016-03-08,102.38
2016-03-09,102.45
2016-03-10,102.49
2016-03-11,102.52
2016-03-12,102.55
2016-03-13,102.59
2016-03-14,102.61
2016-03-15,102.63
2016-03-16,102.63
2016-03-17,102.65
2016-03-18,102.66
2016-03-19,102.67
2016-03-20,102.7
2016-03-21,102.72
2016-03-22,102.74
2016-03-23,102.76
2016-03-24,102.75
2016-03-25,102.75
2016-03-26,102.75
2016-03-27,102.77
2016-03-28,102.77
2016-03-29,102.76
2016-03-30,102.76
2016-03-31,102.78
2016-04-01,102.78
2016-04-02,102.79
2016-04-03,102.83
2016-04-04,102.83
2016-04-05,102.84
2016-04-06,102.83
2016-04-07,102.84
2016-04-08,102.84
2016-04-09,102.8
2016-04-10,102.73
2016-04-11,102.69
2016-04-12,102.67
2016-04-13,102.64
2016-04-14,102.62
2016-04-15,102.59
2016-04-16,102.57
2016-04-17,102.54
2016-04-18,102.53
2016-04-19,102.49
2016-04-20,102.44
2016-04-21,102.41
2016-04-22,102.39
2016-04-23,102.37
2016-04-24,102.33
2016-04-25,102.28
2016-04-26,102.23
2016-04-27,102.17
2016-04-28,102.12
2016-04-29,102.08
2016-04-30,102.04
2016-05-01,101.99
2016-05-02,101.96
2016-05-03,101.9
2016-05-04,101.84
2016-05-05,101.81
2016-05-06,101.76
2016-05-07,101.73
2016-05-08,101.67
2016-05-09,101.64
2016-05-10,101.65
2016-05-11,101.72
2016-05-12,101.77
2016-05-13,101.79
2016-05-14,101.78
2016-05-15,101.73
2016-05-16,101.69
2016-05-17,101.65
2016-05-18,101.59
2016-05-19,101.55
2016-05-20,101.5
2016-05-21,101.47
2016-05-22,101.44
2016-05-23,101.43
2016-05-24,101.41
2016-05-25,101.37
2016-05-26,101.33
2016-05-27,101.3
2016-05-28,101.29
2016-05-29,101.27
2016-05-30,101.27
2016-05-31,101.23
2016-06-01,101.18
2016-06-02,101.15
2016-06-03,101.1
2016-06-04,101.08
2016-06-05,101.04
2016-06-06,101.0
2016-06-07,100.95
2016-06-08,100.89
2016-06-09,100.79
2016-06-10,100.71
2016-06-11,100.62
2016-06-12,100.52
2016-06-13,100.44
2016-06-14,100.36
2016-06-15,100.24
2016-06-16,100.2
2016-06-17,100.16
2016-06-18,100.12
2016-06-19,100.06
2016-06-20,99.99
2016-06-21,99.91
2016-06-22,99.83
2016-06-23,99.76
2016-06-24,99.7
2016-06-25,99.67
2016-06-26,99.62
2016-06-27,99.58
2016-06-28,99.55
2016-06-29,99.5
2016-06-30,99.45
2016-07-01,99.41
2016-07-02,99.39
2016-07-03,99.36
2016-07-04,99.33
2016-07-05,99.33
2016-07-06,99.31
2016-07-07,99.28
2016-07-08,99.24
2016-07-09,99.2
2016-07-10,99.17
2016-07-11,99.14
2016-07-12,99.12
2016-07-13,99.1
2016-07-14,99.06
2016-07-15,99.02
2016-07-16,98.96
2016-07-17,98.89
2016-07-18,98.85
2016-07-19,98.82
2016-07-20,98.78
2016-07-21,98.75
2016-07-22,98.73
2016-07-23,98.73
2016-07-24,98.69
2016-07-25,98.61
2016-07-26,98.49
2016-07-27,98.37
2016-07-28,98.28
2016-07-29,98.18
2016-07-30,98.09
2016-07-31,98.0
2016-08-01,97.93
2016-08-02,97.86
2016-08-03,97.79
2016-08-04,97.72
2016-08-05,97.66
2016-08-06,97.63
2016-08-07,97.58
2016-08-08,97.52
2016-08-09,97.47
2016-08-10,97.42
2016-08-11,97.37
2016-08-12,97.29
2016-08-13,97.22
2016-08-14,97.15
2016-08-15,97.09
2016-08-16,97.04
2016-08-17,96.98
2016-08-18,96.94
2016-08-19,96.89
2016-08-20,96.83
2016-08-21,96.79
2016-08-22,96.74
2016-08-23,96.7
2016-08-24,96.66
2016-08-25,96.62
2016-08-26,96.58
2016-08-27,96.54
2016-08-28,96.51
2016-08-29,96.47
2016-08-30,96.44
2016-08-31,96.41
2016-09-01,96.38
2016-09-02,96.35
2016-09-03,96.31
2016-09-04,96.28
2016-09-05,96.25
2016-09-06,96.22
2016-09-07,96.19
2016-09-08,96.16
2016-09-09,96.12
2016-09-10,96.1
2016-09-11,96.07
2016-09-12,96.04
2016-09-13,96.01
2016-09-14,95.97
2016-09-15,95.93
2016-09-16,95.93
2016-09-17,95.89
2016-09-18,95.85
2016-09-19,95.79
2016-09-20,95.75
2016-09-21,95.71
2016-09-22,95.68
2016-09-23,95.64
2016-09-24,95.62
2016-09-25,95.58
2016-09-26,95.56
2016-09-27,95.53
2016-09-28,95.49
2016-09-29,95.47
2016-09-30,95.43
2016-10-01,95.41
2016-10-02,95.38
2016-10-03,95.36
2016-10-04,95.34
2016-10-05,95.32
2016-10-06,95.29
2016-10-07,95.27
2016-10-08,95.24
2016-10-09,95.2
2016-10-10,95.19
2016-10-11,95.17
2016-10-12,95.13
2016-10-13,95.12
2016-10-14,95.12
2016-10-15,95.5
2016-10-16,95.78
2016-10-17,95.97
2016-10-18,96.13
2016-10-19,96.27
2016-10-20,96.39
2016-10-21,96.51
2016-10-22,96.7
2016-10-23,96.91
2016-10-24,97.15
2016-10-25,97.42
2016-10-26,97.68
2016-10-27,97.89
2016-10-28,98.06
2016-10-29,98.22
2016-10-30,98.36
2016-10-31,98.49
2016-11-01,98.61
2016-11-02,98.72
2016-11-03,98.81
2016-11-04,98.9
2016-11-05,99.11
2016-11-06,99.51
2016-11-07,99.7
2016-11-08,99.79
2016-11-09,99.89
2016-11-10,99.96
2016-11-11,100.06
2016-11-12,100.11
2016-11-13,100.18
2016-11-14,100.26
2016-11-15,100.34
2016-11-16,100.42
2016-11-17,100.51
2016-11-18,100.59
2016-11-19,100.68
2016-11-20,100.75
2016-11-21,101.47
2016-11-22,102.92
2016-11-23,103.09
2016-11-25,104.87
2016-11-26,104.78
2016-11-27,104.54
2016-11-28,104.41
2016-11-29,104.32
2016-11-30,104.26
2016-12-01,104.22
2016-12-02,104.19
2016-12-03,104.16
2016-12-04,104.12
2016-12-05,104.1
2016-12-06,104.08
2016-12-07,104.06
2016-12-08,104.05
2016-12-09,104.03
2016-12-10,104.03
2016-12-11,104.02
2016-12-12,104.01
2016-12-13,104.0
2016-12-14,103.99
2016-12-15,103.98
2016-12-16,103.97
2016-12-17,103.95
2016-12-18,103.94
2016-12-19,103.93
2016-12-20,104.04
2016-12-21,104.04
2016-12-22,103.99
2016-12-23,103.95
2016-12-24,103.92
2016-12-25,103.9
2016-12-26,103.87
2016-12-27,103.86
2016-12-28,103.84
2016-12-29,103.83
2016-12-30,103.81
2016-12-31,103.8
2017-01-01,103.78
2017-01-02,103.77
2017-01-03,103.76
2017-01-04,103.74
2017-01-05,103.73
2017-01-06,103.7
2017-01-07,103.69
2017-01-08,103.68
2017-01-09,103.67
2017-01-10,103.67
2017-01-11,103.65
2017-01-12,103.64
2017-01-13,103.64
2017-01-14,103.61
2017-01-15,103.58
2017-01-16,103.56
2017-01-17,103.54
2017-01-18,103.53
2017-01-19,103.52
2017-01-20,103.51
2017-01-21,103.49
2017-01-22,103.47
2017-01-23,103.47
2017-01-24,103.48
2017-01-25,103.46
2017-01-26,103.46
2017-01-27,103.45
2017-01-28,103.44
2017-01-29,103.44
2017-01-30,103.46
2017-01-31,103.45
2017-02-01,103.44
2017-02-02,103.44
2017-02-03,103.53
2017-02-04,103.54
2017-02-05,103.72
2017-02-06,103.76
2017-02-07,103.73
2017-02-08,103.68
2017-02-09,103.65
2017-02-10,103.63
2017-02-11,103.62
2017-02-12,103.6
2017-02-13,103.59
2017-02-14,103.57
2017-02-15,103.57
2017-02-16,103.58
2017-02-17,103.57
2017-02-18,103.56
2017-02-19,103.56
2017-02-20,103.55
2017-02-21,103.54
2017-02-22,103.54
2017-02-23,103.54
2017-02-24,103.55
2017-02-25,103.53
2017-02-26,103.51
2017-02-27,103.51
2017-02-28,103.53
2017-03-01,103.52
2017-03-02,103.51
2017-03-03,103.5
2017-03-04,103.54
2017-03-05,103.56
2017-03-06,103.54
2017-03-07,103.52
2017-03-08,103.5
2017-03-09,103.48
2017-03-10,103.49
2017-03-11,103.49
2017-03-12,103.49
2017-03-13,103.48
2017-03-14,103.47
2017-03-15,103.46
2017-03-16,103.45
2017-03-17,103.45
2017-03-18,103.45
2017-03-19,103.45
2017-03-20,103.47
2017-03-21,103.48
2017-03-22,103.48
2017-03-23,103.47
2017-03-24,103.64
2017-03-25,103.77
2017-03-26,103.88
2017-03-27,103.89
2017-03-28,103.88
2017-03-29,103.85
2017-03-30,103.84
2017-03-31,103.83
2017-04-01,103.83
2017-04-02,103.83
2017-04-03,103.82
2017-04-04,103.8
2017-04-05,103.78
2017-04-06,103.78
2017-04-07,103.76
2017-04-08,103.75
2017-04-09,103.75
2017-04-10,103.76
2017-04-11,103.76
2017-04-12,103.75
2017-04-13,103.76
2017-04-14,103.75
2017-04-15,103.76
2017-04-16,103.75
2017-04-17,103.73
2017-04-18,103.72
2017-04-19,103.69
2017-04-20,103.67
2017-04-21,103.63
2017-04-22,103.6
2017-04-23,103.6
2017-04-24,103.61
2017-04-25,103.62
2017-04-26,103.61
2017-04-27,103.61
2017-04-28,103.59
2017-04-29,103.55
2017-04-30,103.51
2017-05-01,103.52
2017-05-02,103.52
2017-05-03,103.49
2017-05-04,103.47
2017-05-05,103.45
2017-05-06,103.49
2017-05-07,103.53
2017-05-08,103.52
2017-05-09,103.5
2017-05-10,103.5
2017-05-11,103.49
2017-05-12,103.48
2017-05-13,103.49
2017-05-14,103.5
2017-05-15,103.5
2017-05-16,103.5
2017-05-17,103.55
2017-05-18,103.56
2017-05-19,103.59
2017-05-20,103.59
2017-05-21,103.56
2017-05-22,103.55
2017-05-23,103.54
2017-05-24,103.56
2017-05-25,103.56
2017-05-26,103.58
2017-05-27,103.57
2017-05-28,103.57
2017-05-29,103.56
2017-05-30,103.56
2017-05-31,103.54
2017-06-01,103.53
2017-06-02,103.5
2017-06-03,103.48
2017-06-04,103.47
2017-06-05,103.47
2017-06-06,103.48
2017-06-07,103.44
2017-06-08,103.39
2017-06-09,103.37
2017-06-10,103.36
2017-06-11,103.35
2017-06-12,103.35
2017-06-13,103.36
2017-06-14,103.36
2017-06-15,103.34
2017-06-16,103.34
2017-06-17,103.33
2017-06-18,103.33
2017-06-19,103.31
2017-06-20,103.31
2017-06-21,103.29
2017-06-22,103.31
2017-06-23,103.24
2017-06-24,103.2
2017-06-25,103.19
2017-06-26,103.18
2017-06-27,103.18
2017-06-28,103.14
2017-06-29,103.11
2017-06-30,103.04
2017-07-01,102.99
2017-07-02,102.97
2017-07-03,102.95
2017-07-04,102.93
2017-07-05,102.91
2017-07-06,102.91
2017-07-07,102.91
2017-07-08,102.92
2017-07-09,102.95
2017-07-10,102.77
2017-07-11,102.73
2017-07-12,102.71
2017-07-13,102.68
2017-07-14,102.66
2017-07-15,102.64
2017-07-16,102.63
2017-07-17,102.62
2017-07-18,102.62
2017-07-19,102.61
2017-07-20,102.6
2017-07-21,102.58
2017-07-22,102.58
2017-07-23,102.58
2017-07-24,102.57
2017-07-25,102.55
2017-07-26,102.54
2017-07-27,102.53
2017-07-28,102.51
2017-07-29,102.5
2017-07-30,102.5
2017-07-31,102.49
2017-08-01,102.48
2017-08-02,102.47
2017-08-03,102.46
2017-08-04,102.46
2017-08-05,102.45
2017-08-06,102.46
2017-08-07,102.46
2017-08-08,102.45
2017-08-09,102.45
2017-08-10,102.44
2017-08-11,102.43
2017-08-12,102.41
2017-08-13,102.39
2017-08-14,102.38
2017-08-15,102.37
2017-08-16,102.37
2017-08-17,102.36
2017-08-18,102.36
2017-08-19,102.36
2017-08-20,102.36
2017-08-21,102.35
2017-08-22,102.34
2017-08-23,102.32
2017-08-24,102.25
2017-08-25,102.23
2017-08-26,102.2
2017-08-27,102.21
2017-08-28,102.24
2017-08-29,102.21
2017-08-30,102.19
2017-08-31,102.17
2017-09-01,102.21
2017-09-02,102.26
2017-09-03,102.28
2017-09-04,102.3
2017-09-05,102.33
2017-09-06,102.34
2017-09-07,102.36
2017-09-08,102.38
2017-09-09,102.37
2017-09-10,102.39
2017-09-11,102.35
2017-09-12,102.32
2017-09-13,102.29
2017-09-14,102.29
2017-09-15,102.28
2017-09-16,102.27
2017-09-17,102.26
2017-09-18,102.23
2017-09-19,102.21
2017-09-20,102.17
2017-09-21,102.14
2017-09-22,102.12
2017-09-23,102.11
2017-09-24,102.12
2017-09-25,102.11
2017-09-26,102.08
2017-09-27,102.05
2017-09-28,101.97
2017-09-29,101.93
2017-09-30,101.91
2017-10-01,101.89
2017-10-02,101.88
2017-10-03,101.87
2017-10-04,101.85
2017-10-05,101.85
2017-10-06,101.84
2017-10-07,101.82
2017-10-08,101.81
2017-10-09,101.79
2017-10-10,101.77
2017-10-11,101.75
2017-10-12,101.73
2017-10-13,101.71
2017-10-14,101.7
2017-10-15,101.68
2017-10-16,101.67
2017-10-17,101.66
2017-10-18,101.65
2017-10-19,101.64
2017-10-20,101.62
2017-10-21,101.6
2017-10-22,101.59
2017-10-23,101.58
2017-10-24,101.56
2017-10-25,101.54
2017-10-26,101.52
2017-10-27,101.51
2017-10-28,101.5
2017-10-29,101.47
2017-10-30,101.46
2017-10-31,101.44
2017-11-01,101.41
2017-11-02,101.39
2017-11-03,101.37
2017-11-04,101.36
2017-11-05,101.44
2017-11-06,101.44
2017-11-07,101.35
2017-11-08,101.3
2017-11-09,101.26
2017-11-10,101.23
2017-11-11,101.19
2017-11-12,101.16
2017-11-13,101.12
2017-11-14,101.09
2017-11-15,101.03
2017-11-16,101.0
2017-11-17,100.96
2017-11-18,100.91
2017-11-19,100.87
2017-11-20,100.84
2017-11-21,100.81
2017-11-22,100.78
2017-11-23,100.74
2017-11-24,100.72
2017-11-25,100.7
2017-11-26,100.68
2017-11-27,100.66
2017-11-28,100.64
2017-11-29,100.61
2017-11-30,100.57
2017-12-01,100.55
2017-12-02,100.52
2017-12-03,100.48
2017-12-04,100.46
2017-12-05,100.44
2017-12-06,100.41
2017-12-07,100.37
2017-12-08,100.35
2017-12-09,100.33
2017-12-10,100.3
2017-12-11,102.12
2017-12-12,102.81
2017-12-13,102.86
2017-12-14,102.89
2017-12-15,102.92
2017-12-16,102.95
2017-12-17,102.98
2017-12-18,103.01
2017-12-19,103.03
2017-12-20,103.05
2017-12-21,103.07
2017-12-22,103.09
2017-12-23,103.11
2017-12-24,103.13
2017-12-25,103.17
2017-12-26,103.17
2017-12-27,103.22
2017-12-28,103.22
2017-12-29,103.21
2017-12-30,103.21
2017-12-31,103.21
2018-01-01,103.26
2018-01-02,103.27
2018-01-03,103.28
2018-01-04,103.32
2018-01-05,103.36
2018-01-06,103.35
2018-01-07,103.35
2018-01-08,103.37
2018-01-09,103.84
2018-01-10,103.84
2018-01-11,103.73
2018-01-12,103.66
2018-01-13,103.6
2018-01-14,103.57
2018-01-15,103.54
2018-01-16,103.53
2018-01-17,103.52
2018-01-18,103.5
2018-01-19,103.49
2018-01-20,103.48
2018-01-21,103.47
2018-01-22,103.46
2018-01-23,103.47
2018-01-24,103.47
2018-01-25,103.48
2018-01-26,103.45
2018-01-27,103.5
2018-01-28,103.5
2018-01-29,103.49
2018-01-30,103.47
2018-01-31,103.47
2018-02-01,103.47
2018-02-02,103.46
2018-02-03,103.45
2018-02-04,103.43
2018-02-05,103.42
2018-02-06,103.41
2018-02-07,103.41
2018-02-08,103.4
2018-02-09,103.38
2018-02-10,103.37
2018-02-11,103.37
2018-02-12,103.36
2018-02-13,103.35
2018-02-14,103.34
2018-02-15,103.33
2018-02-16,103.32
2018-02-17,103.35
2018-02-18,103.38
2018-02-19,103.37
2018-02-20,103.36
2018-02-21,103.35
2018-02-22,103.34
2018-02-23,103.33
2018-02-24,103.32
2018-02-25,103.32
2018-02-26,103.33
2018-02-27,103.32
2018-02-28,103.31
2018-03-01,103.3
2018-03-02,103.52
2018-03-03,103.6
2018-03-04,103.64
2018-03-05,103.62
2018-03-06,103.66
2018-03-07,103.68
2018-03-08,103.66
2018-03-09,103.63
2018-03-10,103.64
2018-03-11,104.52
2018-03-12,104.61
2018-03-13,104.45
2018-03-14,104.26
2018-03-15,104.35
2018-03-16,104.36
2018-03-17,104.24
2018-03-18,104.19
2018-03-19,104.12
2018-03-20,104.05
2018-03-21,104.0
2018-03-22,103.95
2018-03-23,103.92
2018-03-24,103.9
2018-03-25,103.88
2018-03-26,103.84
2018-03-27,103.82
2018-03-28,103.81
2018-03-29,103.83
2018-03-30,103.83
2018-03-31,103.82
2018-04-01,103.81
2018-04-02,103.78
2018-04-03,103.78
2018-04-04,103.84
2018-04-05,103.86
2018-04-06,103.87
2018-04-07,103.9
2018-04-08,103.91
2018-04-09,103.95
2018-04-10,104.1
2018-04-11,104.21
2018-04-12,104.81
2018-04-13,104.81
2018-04-14,104.68
2018-04-15,104.61
2018-04-16,104.56
2018-04-17,104.55
2018-04-18,104.55
2018-04-19,104.56
2018-04-20,104.53
2018-04-21,104.52
2018-04-22,104.49
2018-04-23,104.47
2018-04-24,104.48
2018-04-25,104.48
2018-04-26,104.46
2018-04-27,104.45
2018-04-28,104.42
2018-04-29,104.36
2018-04-30,104.39
2018-05-01,104.29
2018-05-02,104.18
2018-05-03,104.11
2018-05-04,104.06
2018-05-07,104.35
2018-05-08,104.32
2018-05-09,104.25
2018-05-10,104.17
2018-05-11,104.12
2018-05-12,104.11
2018-05-13,104.05
2018-05-14,104.06
2018-05-15,103.98
2018-05-16,103.92
2018-05-17,103.9
2018-05-18,103.87
2018-05-19,103.92
2018-05-20,103.93
2018-05-21,103.93
2018-05-22,103.88
2018-05-23,103.87
2018-05-24,103.86
2018-05-25,103.85
2018-05-26,103.86
2018-05-27,103.9
2018-05-28,103.92
2018-05-29,103.93
2018-05-30,103.92
2018-05-31,103.9
2018-06-01,103.89
2018-06-02,103.81
2018-06-03,103.81
2018-06-04,103.89
2018-06-05,103.9
2018-06-06,103.85
2018-06-07,103.79
2018-06-08,103.84
2018-06-09,103.78
2018-06-10,103.7
2018-06-11,103.68
2018-06-12,103.7
2018-06-13,103.69
2018-06-14,103.57
2018-06-15,103.53
2018-06-16,103.49
2018-06-17,103.46
2018-06-18,103.44
2018-06-19,103.42
2018-06-20,103.41
2018-06-21,103.4
2018-06-22,103.4
2018-06-23,103.28
2018-06-24,103.21
2018-06-25,103.17
2018-06-26,103.05
2018-06-27,102.98
2018-06-28,102.96
2018-06-29,102.93
2018-06-30,102.88
2018-07-01,102.85
2018-07-02,102.83
2018-07-03,102.81
2018-07-04,102.73
2018-07-05,102.68
2018-07-06,102.66
2018-07-07,102.66
2018-07-08,102.57
2018-07-09,102.39
2018-07-10,102.35
2018-07-11,102.29
2018-07-12,102.26
2018-07-13,102.23
2018-07-14,102.19
2018-07-15,102.17
2018-07-16,102.15
2018-07-17,102.13
2018-07-18,101.96
2018-07-19,101.89
2018-07-20,101.85
2018-07-21,101.8
2018-07-22,101.76
2018-07-23,101.7
2018-07-24,101.57
2018-07-25,101.51
2018-07-26,101.45
2018-07-27,101.32
2018-07-28,101.12
2018-07-29,100.98
2018-07-30,100.88
2018-07-31,100.79
2018-08-01,100.65
2018-08-02,100.53
2018-08-03,100.45
2018-08-04,100.34
2018-08-05,100.24
2018-08-06,100.11
2018-08-07,99.98
2018-08-08,99.86
2018-08-09,99.74
2018-08-10,99.62
2018-08-11,99.5
2018-08-12,99.4
2018-08-13,99.31
2018-08-14,99.23
2018-08-15,99.15
2018-08-16,99.07
2018-08-17,98.97
2018-08-18,98.89
2018-08-19,98.78
2018-08-20,98.69
2018-08-21,98.61
2018-08-22,98.54
2018-08-23,98.47
2018-08-24,98.39
2018-08-25,98.3
2018-08-26,98.22
2018-08-27,98.14
2018-08-28,98.07
2018-08-29,98.0
2018-08-30,97.94
2018-08-31,97.88
2018-09-01,97.82
2018-09-02,97.76
2018-09-03,97.7
2018-09-04,97.64
2018-09-05,97.57
2018-09-06,97.51
2018-09-07,97.45
2018-09-08,97.37
2018-09-09,97.31
2018-09-10,97.24
2018-09-11,97.19
2018-09-12,97.13
2018-09-13,97.07
2018-09-14,97.01
2018-09-15,96.96
2018-09-16,96.91
2018-09-17,96.86
2018-09-18,96.82
2018-09-19,96.76
2018-09-20,96.71
2018-09-21,96.67
2018-09-22,96.62
2018-09-23,96.58
2018-09-24,96.55
2018-09-25,96.52
2018-09-26,96.48
2018-09-27,96.44
2018-09-28,96.41
2018-09-29,96.37
2018-09-30,96.33
2018-10-01,96.29
2018-10-02,96.26
2018-10-03,96.23
2018-10-04,96.19
2018-10-05,96.15
2018-10-06,96.13
2018-10-07,96.08
2018-10-08,96.07
2018-10-09,96.04
2018-10-10,96.0
2018-10-11,96.06
2018-10-12,96.15
2018-10-13,96.16
2018-10-14,96.2
2018-10-15,96.22
2018-10-16,96.22
2018-10-17,96.22
2018-10-18,96.22
2018-10-19,96.24
2018-10-20,96.24
2018-10-21,96.24
2018-10-22,96.25
2018-10-23,96.25
2018-10-24,96.23
2018-10-25,96.23
2018-10-26,96.22
2018-10-27,96.24
2018-10-28,96.32
2018-10-29,96.49
2018-10-30,97.86
2018-10-31,98.53
2018-11-01,99.72
2018-11-02,100.4
2018-11-03,100.77
2018-11-04,101.1
2018-11-05,101.34
2018-11-06,101.75
2018-11-07,102.13
2018-11-08,102.34
2018-11-09,102.51
2018-11-10,102.65
2018-11-11,102.78
2018-11-12,102.89
2018-11-13,102.96
2018-11-14,102.99
2018-11-15,103.01
2018-11-16,103.02
2018-11-17,103.03
2018-11-18,103.03
2018-11-19,103.03
2018-11-20,103.02
2018-11-21,103.0
2018-11-22,102.99
2018-11-23,103.04
2018-11-24,103.3
2018-11-25,103.3
2018-11-26,103.31
2018-11-27,103.27
2018-11-28,103.21
2018-11-29,103.16
2018-11-30,103.13
2018-12-01,103.11
2018-12-02,103.08
2018-12-03,103.07
2018-12-04,103.08
2018-12-05,103.05
2018-12-06,103.03
2018-12-07,103.0
2018-12-08,102.99
2018-12-09,102.97
2018-12-10,102.93
2018-12-11,102.91
2018-12-12,102.89
2018-12-13,102.88
2018-12-14,102.86
2018-12-15,102.83
2018-12-16,102.79
2018-12-17,102.78
2018-12-18,102.76
2018-12-19,102.77
2018-12-20,102.82
2018-12-21,102.81
2018-12-22,102.79
2018-12-23,102.79
2018-12-24,102.78
2018-12-25,102.77
2018-12-26,102.75
2018-12-27,102.74
2018-12-28,102.73
2018-12-29,102.71
2018-12-30,102.69
2018-12-31,102.68
2019-01-01,102.66
2019-01-02,102.65
2019-01-03,102.63
2019-01-04,102.61
2019-01-05,102.6
2019-01-06,102.58
2019-01-07,102.55
2019-01-08,102.53
2019-01-09,102.52
2019-01-10,102.51
2019-01-11,102.48
2019-01-12,102.45
2019-01-13,102.44
2019-01-14,102.43
2019-01-15,102.41
2019-01-16,102.4
2019-01-17,102.39
2019-01-18,102.39
2019-01-19,102.37
2019-01-20,102.37
2019-01-21,102.36
2019-01-22,102.35
2019-01-23,102.34
2019-01-24,102.33
2019-01-25,102.31
2019-01-26,102.28
2019-01-27,102.27
2019-01-28,102.26
2019-01-29,102.25
2019-01-30,102.23
2019-01-31,102.22
2019-02-01,102.44
2019-02-02,102.58
2019-02-03,102.62
2019-02-04,102.61
2019-02-05,102.6
2019-02-06,102.59
2019-02-08,102.57
2019-02-09,102.57
2019-02-10,102.57
2019-02-11,102.57
2019-02-12,102.55
2019-02-13,102.53
2019-02-14,102.52
2019-02-15,102.52
2019-02-16,102.52
2019-02-17,102.52
2019-02-18,102.52
2019-02-19,102.53
2019-02-20,102.52
2019-02-21,102.5
2019-02-22,102.51
2019-02-23,102.5
2019-02-24,102.49
2019-02-25,102.5
2019-02-26,102.5
2019-02-27,102.5
2019-02-28,102.51
2019-03-01,102.52
2019-03-02,102.51
2019-03-03,102.49
2019-03-04,102.5
2019-03-05,102.49
2019-03-06,102.47
2019-03-07,102.47
2019-03-08,102.47
2019-03-09,102.46
2019-03-10,102.45
2019-03-11,102.46
2019-03-12,102.44
2019-03-13,102.44
2019-03-14,102.42
2019-03-15,102.41
2019-03-16,102.4
2019-03-17,102.41
2019-03-18,102.41
2019-03-19,102.41
2019-03-20,102.39
2019-03-21,102.36
2019-03-22,102.35
2019-03-23,102.34
2019-03-24,102.32
2019-03-25,102.33
2019-03-26,102.33
2019-03-27,102.31
2019-03-28,102.29
2019-03-29,102.28
2019-03-30,102.27
2019-03-31,102.25
2019-04-01,102.25
2019-04-02,102.25
2019-04-03,102.29
2019-04-04,102.49
2019-04-05,102.49
2019-04-06,102.46
2019-04-07,102.42
2019-04-08,102.43
2019-04-09,102.44
2019-04-10,102.44
2019-04-11,102.44
2019-04-12,102.43
2019-04-13,102.42
2019-04-14,102.41
2019-04-15,102.4
2019-04-16,102.39
2019-04-17,102.38
2019-04-18,102.38
2019-04-19,102.38
2019-04-20,102.38
2019-04-21,102.37
2019-04-22,102.37
2019-04-23,102.39
2019-04-24,103.06
2019-04-25,103.31
2019-04-26,103.39
2019-04-27,103.4
2019-04-28,103.38
2019-04-29,103.37
2019-04-30,103.35
2019-05-01,103.34
2019-05-02,103.34
2019-05-03,103.34
2019-05-04,103.33
2019-05-05,103.33
2019-05-06,103.31
2019-05-07,103.29
2019-05-08,103.28
2019-05-09,103.32
2019-05-10,103.32
2019-05-11,103.31
2019-05-12,103.3
2019-05-13,103.28
2019-05-14,103.24
2019-05-15,103.23
2019-05-16,103.23
2019-05-17,103.22
2019-05-18,103.2
2019-05-19,103.17
2019-05-20,103.19
2019-05-21,103.2
2019-05-22,103.17
2019-05-23,103.17
2019-05-24,103.19
2019-05-25,103.2
2019-05-26,103.21
2019-05-27,103.22
2019-05-28,103.22
2019-05-29,103.2
2019-05-30,103.16
2019-05-31,103.14
2019-06-01,103.13
2019-06-02,103.14
2019-06-03,103.15
2019-06-04,103.16
2019-06-05,103.15
2019-06-06,103.14
2019-06-07,103.11
2019-06-08,103.06
2019-06-09,103.03
2019-06-10,103.02
2019-06-11,103.02
2019-06-12,102.99
2019-06-13,102.95
2019-06-14,102.92
2019-06-15,102.89
2019-06-16,102.89
2019-06-17,102.87
2019-06-18,102.85
2019-06-19,102.79
2019-06-20,102.75
2019-06-21,102.72
2019-06-22,102.7
2019-06-23,102.67
2019-06-24,102.64
2019-06-25,102.6
2019-06-26,102.6
2019-06-27,102.58
2019-06-28,102.56
2019-06-29,102.54
2019-06-30,102.5
2019-07-01,102.49
2019-07-02,102.39
2019-07-03,102.34
2019-07-04,102.22
2019-07-05,102.1
2019-07-06,101.93
2019-07-07,101.82
2019-07-08,101.74
2019-07-09,101.66
2019-07-10,101.61
2019-07-11,101.55
2019-07-12,101.51
2019-07-13,101.46
2019-07-14,101.43
2019-07-15,101.39
2019-07-16,101.31
2019-07-17,101.24
2019-07-18,101.18
2019-07-19,101.13
2019-07-22,100.99
2019-07-23,100.96
2019-07-24,100.94
2019-07-25,100.82
2019-07-26,100.73
2019-07-27,100.67
2019-07-29,100.38
2019-07-30,100.25
2019-07-31,100.14
2019-08-01,100.04
2019-08-02,99.97
2019-08-03,99.88
2019-08-04,99.8
2019-08-05,99.72
2019-08-06,99.65
2019-08-07,99.59
2019-08-08,99.54
2019-08-09,99.49
2019-08-10,99.44
2019-08-11,99.4
2019-08-12,99.36
2019-08-13,99.31
2019-08-14,99.2
2019-08-15,99.11
2019-08-16,99.03
2019-08-17,98.97
2019-08-18,98.9
2019-08-19,98.84
2019-08-20,98.8
2019-08-21,98.75
2019-08-22,98.7
2019-08-23,98.65
2019-08-24,98.59
2019-08-25,98.51
2019-08-26,98.44
2019-08-27,98.39
2019-08-28,98.32
2019-08-29,98.26
2019-08-30,98.21
2019-08-31,98.16
2019-09-01,98.08
2019-09-02,98.0
2019-09-03,97.92
2019-09-04,97.84
2019-09-05,97.78
2019-09-06,97.72
2019-09-07,97.66
2019-09-08,97.59
2019-09-09,97.55
2019-09-10,97.48
2019-09-11,97.41
2019-09-12,97.35
2019-09-13,97.28
2019-09-14,97.23
2019-09-15,97.17
2019-09-16,97.12
2019-09-17,97.07
2019-09-18,97.01
2019-09-19,96.95
2019-09-20,96.89
2019-09-21,96.81
2019-09-22,96.74
2019-09-23,96.67
2019-09-24,96.62
2019-09-25,96.6
2019-09-26,96.59
2019-09-27,96.57
2019-09-28,96.54
2019-09-29,96.51
2019-09-30,96.47
2019-10-01,96.42
2019-10-02,96.38
2019-10-03,96.33
2019-10-04,96.3
2019-10-05,96.26
2019-10-06,96.21
2019-10-07,96.16
2019-10-08,96.12
2019-10-09,96.07
2019-10-10,96.02
2019-10-11,95.97
2019-10-12,95.93
2019-10-13,95.88
2019-10-14,95.83
2019-10-15,96.22
2019-10-16,96.7
2019-10-17,96.91
2019-10-18,97.02
2019-10-19,97.16
2019-10-20,97.35
2019-10-21,97.7
2019-10-22,97.98
2019-10-23,98.09
2019-10-24,98.72
2019-10-25,99.21
2019-10-26,99.49
2019-10-27,99.55
2019-11-01,100.23
2019-11-02,100.3
2019-11-03,100.63
2019-11-04,100.79
2019-11-05,100.89
2019-11-06,100.93
2019-11-07,100.95
2019-11-08,100.97
2019-11-09,100.97
2019-11-10,100.96
2019-11-11,100.95
2019-11-12,100.96
2019-11-13,100.95
2019-11-14,100.91
2019-11-15,101.05
2019-11-16,101.13
2019-11-17,101.17
2019-11-18,101.19
2019-11-19,101.2
2019-11-20,101.23
2019-11-21,101.27
2019-11-22,101.32
2019-11-23,103.03
2019-11-24,104.28
2019-11-25,104.32
2019-11-26,104.29
2019-11-27,104.44
2019-11-28,104.44
2019-11-29,104.38
2019-12-06,104.17
2019-12-07,104.15
2019-12-08,104.11
2019-12-09,104.08
2019-12-10,104.04
2019-12-11,103.99
2019-12-12,103.98
2019-12-13,103.95
2019-12-14,103.93
2019-12-15,103.9
2019-12-16,103.87
2019-12-17,103.85
2019-12-18,103.83
2019-12-19,103.82
2019-12-20,103.83
2019-12-22,104.7
2019-12-23,104.59
2019-12-24,104.44
2019-12-25,104.36
2019-12-26,104.3
2019-12-27,104.24
2019-12-28,104.19
2019-12-29,104.14
2019-12-30,104.1
2019-12-31,104.07
2020-01-01,104.04
2020-01-02,104.01
2020-01-03,103.98
2020-01-04,103.95
2020-01-05,103.93
2020-01-06,103.89
2020-01-07,103.88
2020-01-08,103.86
2020-01-09,103.83
2020-01-10,103.81
2020-01-11,103.79
2020-01-12,103.77
2020-01-13,103.75
2020-01-14,103.73
2020-01-15,103.72
2020-01-16,103.7
2020-01-17,103.69
2020-01-18,103.69
2020-01-19,103.66
2020-01-20,103.63
2020-01-21,103.61
2020-01-22,103.59
2020-01-23,103.58
2020-01-24,103.56
2020-01-25,103.55
2020-01-26,103.53
2020-01-27,103.52
2020-01-28,103.51
2020-01-29,103.49
2020-01-30,103.47
2020-01-31,103.45
2020-02-01,103.44
2020-02-02,103.43
2020-02-03,103.46
2020-02-04,103.49
2020-02-05,103.47
2020-02-06,103.43
2020-02-07,103.4
2020-02-08,103.37
2020-02-09,103.35
2020-02-10,103.34
2020-02-11,103.34
2020-02-12,103.32
2020-02-13,103.31
2020-02-14,103.3
2020-02-15,103.27
2020-02-16,103.26
2020-02-17,103.26
2020-02-18,103.26
2020-02-19,103.25
2020-02-20,103.24
2020-02-21,103.22
2020-02-22,103.21
2020-02-23,103.2
2020-02-24,103.2
2020-02-25,103.22
2020-02-26,103.22
2020-02-27,103.18
2020-02-28,103.16
2020-02-29,103.13
2020-03-01,103.11
2020-03-02,103.2
2020-03-03,103.2
2020-03-04,103.14
2020-03-05,103.15
2020-03-06,103.27
2020-03-07,103.23
2020-03-08,103.16
2020-03-09,103.13
2020-03-10,103.11
2020-03-11,103.09
2020-03-12,103.13
2020-03-13,103.17
2020-03-14,103.17
2020-03-15,103.15
2020-03-16,103.13
2020-03-17,103.1
2020-03-18,103.09
2020-03-19,103.09
2020-03-20,103.09
2020-03-23,103.05
2020-03-24,103.04
2020-03-25,103.02
2020-03-26,103.0
2020-03-27,102.98
2020-03-28,102.95
2020-03-29,102.94
2020-03-30,104.08
2020-03-31,104.07
2020-04-01,104.06
2020-04-02,104.05
2020-04-03,104.03
2020-04-04,104.02
2020-04-05,104.01
2020-04-05,104.01
2020-04-05,104.01
2020-04-05,104.01
2020-04-05,104.01
2020-04-05,104.01
2020-04-05,104.01
2020-04-05,104.01
2020-04-05,104.01
2020-04-05,104.01
2020-04-06,104.03
2020-04-07,104.03
2020-04-08,104.03
2020-04-09,104.04
2020-04-10,104.06
2020-04-11,104.07
2020-04-12,104.08
2020-04-13,104.1
2020-04-13,104.1
2020-04-13,104.1
2020-04-13,104.1
2020-04-13,104.1
2020-04-13,104.1
2020-04-13,104.1
2020-04-13,104.1
2020-04-13,104.1
2020-04-13,104.1
2020-04-13,104.1
2020-04-13,104.1
2020-04-13,104.1
2020-04-13,104.1
2020-04-14,104.1
2020-04-15,104.1
2020-04-16,104.12
2020-04-17,104.12
2020-04-18,104.13
2020-04-19,104.18
2020-04-20,104.23
2020-04-21,104.25
2020-04-22,104.25
2020-04-23,104.23
2020-04-24,104.21
2020-04-25,104.21
2020-04-26,104.21
2020-04-26,104.21
2020-04-26,104.21
2020-04-26,104.21
2020-04-26,104.21
2020-04-26,104.21
2020-04-26,104.21
2020-04-26,104.21
2020-04-27,104.27
2020-04-28,104.29
2020-04-29,104.29
2020-04-30,104.28
2020-05-01,104.28
2020-05-02,104.3
2020-05-03,104.3
2020-05-04,104.32
2020-05-05,104.33
2020-05-06,104.34
2020-05-07,104.35
2020-05-08,104.36
2020-05-09,104.35
2020-05-10,104.38
2020-05-11,105.09
2020-05-12,105.07
2020-05-13,104.89
2020-05-14,104.77
2020-05-15,104.88
2020-05-16,104.85
2020-05-17,104.9
2020-05-18,104.91
2020-05-19,104.85
2020-05-20,104.83
2020-05-21,104.78
2020-05-22,104.74
2020-05-23,104.71
2020-05-24,104.69
2020-05-25,104.66
2020-05-26,104.63
2020-05-27,104.61
2020-05-28,104.58
2020-05-29,104.58
2020-05-30,104.53
2020-05-31,104.49
2020-06-01,104.45
2020-06-02,104.4
2020-06-03,104.4
2020-06-04,104.96
2020-06-05,104.98
2020-06-06,104.86
2020-06-07,104.79
2020-06-08,104.78
2020-06-09,104.75
2020-06-10,104.75
2020-06-11,104.73
2020-06-12,104.7
2020-06-13,104.71
2020-06-14,104.84
2020-06-15,104.81
2020-06-16,104.79
2020-06-17,104.79
2020-06-18,104.72
2020-06-19,104.68
2020-06-20,104.63
2020-06-21,104.59
2020-06-22,104.58
2020-06-23,104.55
2020-06-24,104.54
2020-06-25,104.52
2020-06-26,104.51
2020-06-27,104.49
2020-06-28,104.51
2020-06-29,104.44
2020-06-30,104.41
2020-07-01,104.38
2020-07-02,104.37
2020-07-03,104.37
2020-07-04,104.36
2020-07-05,104.34
2020-07-06,104.33
2020-07-07,104.31
2020-07-08,104.31
2020-07-09,104.29
2020-07-10,104.28
2020-07-11,104.28
2020-07-12,104.26
2020-07-13,104.26
2020-07-14,104.25
2020-07-15,104.24
2020-07-16,104.11
2020-07-17,104.05
2020-07-18,104.05
2020-07-19,103.98
2020-07-20,103.94
2020-07-21,103.92
2020-07-22,103.91
2020-07-23,103.9
2020-07-24,103.89
2020-07-25,103.88
2020-07-26,103.87
2020-07-27,103.86
2020-07-28,103.86
2020-07-29,103.85
2020-07-30,103.84
2020-07-31,103.84
2020-08-01,103.83
2020-08-02,103.84
2020-08-03,103.83
2020-08-04,103.82
2020-08-05,103.81
2020-08-06,103.79
2020-08-07,103.77
2020-08-08,103.76
2020-08-09,103.76
2020-08-10,103.78
2020-08-11,103.68
2020-08-12,103.63
2020-08-13,103.6
2020-08-14,103.59
2020-08-15,103.57
2020-08-16,103.56
2020-08-17,103.57
2020-08-18,103.51
2020-08-19,103.5
2020-08-20,103.5
2020-08-21,103.51
2020-08-22,103.51
2020-08-23,103.51
2020-08-24,103.51
2020-08-25,103.51
2020-08-26,103.4
2020-08-27,103.37
2020-08-28,103.36
2020-08-29,103.35
2020-08-30,103.15
2020-08-31,103.02
2020-09-01,102.94
2020-09-02,102.76
2020-09-03,102.67
2020-09-04,102.59
2020-09-05,102.53
2020-09-06,102.49
2020-09-07,102.43
2020-09-08,102.4
2020-09-09,102.38
2020-09-10,102.34
2020-09-11,102.3
2020-09-12,102.29
2020-09-13,102.28
2020-09-14,102.27
2020-09-15,102.26
2020-09-16,102.28
2020-09-17,102.29
2020-09-18,102.3
2020-09-19,102.15
2020-09-20,102.06
2020-09-21,102.0
2020-09-22,101.93
2020-09-23,101.88
2020-09-24,101.77
2020-09-25,100.61
2020-09-26,100.47
2020-09-27,100.33
2020-09-28,100.21
2020-09-29,100.09
2020-09-30,99.99
2020-10-01,99.88
2020-10-02,100.64
2020-10-03,102.09
2020-10-04,102.45
2020-10-05,102.48
2020-10-06,102.45
2020-10-07,102.44
2020-10-08,102.42
2020-10-09,102.43
2020-10-10,102.47
2020-10-11,102.48
2020-10-12,102.49
2020-10-13,102.53
2020-10-14,102.58
2020-10-15,102.62
2020-10-16,102.63
2020-10-17,102.62
2020-10-18,102.6
2020-10-19,102.61
2020-10-20,102.61
2020-10-21,102.6
2020-10-22,102.59
2020-10-23,102.58
2020-10-24,102.65
2020-10-25,102.64
2020-10-26,102.78
2020-10-27,102.99
2020-10-28,102.95
2020-10-29,102.87
2020-10-30,102.83
2020-10-31,102.79
2020-11-01,102.75
2020-11-02,102.71
2020-11-03,102.69
2020-11-04,102.67
2020-11-05,102.63
2020-11-06,102.61
2020-11-07,102.58
2020-11-08,102.54
2020-11-09,102.55
2020-11-10,102.53
2020-11-11,102.51
2020-11-12,102.47
2020-11-13,102.46
2020-11-14,102.44
2020-11-15,102.39
2020-11-16,102.37
2020-11-17,102.35
2020-11-18,102.32
2020-11-19,102.28
2020-11-20,102.26
2020-11-21,102.22
2020-11-22,102.17
2020-11-23,102.12
2020-11-24,102.14
2020-11-25,102.11
2020-11-26,102.05
2020-11-27,101.93
2020-11-28,101.82
2020-11-29,101.62
2020-11-30,101.43
2020-12-01,101.3
2020-12-02,101.2
2020-12-03,101.13
2020-12-04,101.07
2020-12-05,101.27
2020-12-06,101.36
2020-12-07,101.4
2020-12-08,101.52
2020-12-09,101.53
2020-12-10,101.54
2020-12-11,101.52
2020-12-12,101.51
2020-12-13,101.47
2020-12-14,101.44
2020-12-15,101.46
2020-12-16,101.49
2020-12-17,101.59
2020-12-18,101.66
2020-12-19,101.68
2020-12-20,101.72
2020-12-21,102.11
2020-12-22,102.23
2020-12-23,102.29
2020-12-24,102.36
2020-12-25,102.39
2020-12-26,102.39
2020-12-27,102.37
2020-12-28,102.38
2020-12-29,102.37
2020-12-30,102.36
2020-12-31,102.32
2021-01-01,102.32
2021-01-02,102.32
2021-01-03,102.31
2021-01-04,102.32
2021-01-05,102.33
2021-01-06,102.32
2021-01-07,102.29
2021-01-08,102.28
2021-01-09,102.25
2021-01-10,102.22
2021-01-11,102.2
2021-01-12,102.17
2021-01-13,102.13
2021-01-14,102.08
2021-01-15,102.07
2021-01-16,102.06
2021-01-17,102.05
2021-01-18,102.03
2021-01-19,101.99
2021-01-20,101.95
2021-01-21,101.93
2021-01-22,101.95
2021-01-23,102.77
2021-01-24,102.81
2021-01-25,103.29
2021-01-26,103.3
2021-01-27,103.32
2021-01-28,103.33
2021-01-29,103.4
2021-01-30,103.44
2021-01-31,103.45
2021-02-01,103.45
2021-02-02,103.44
2021-02-03,103.44
2021-02-04,103.45
2021-02-05,103.46
2021-02-06,103.46
2021-02-07,103.51
2021-02-08,103.51
2021-02-09,103.48
2021-02-10,103.48
2021-02-11,103.47
2021-02-12,103.45
2021-02-13,103.43
2021-02-14,103.4
2021-02-15,103.37
2021-02-16,103.35
2021-02-17,103.33
2021-02-18,103.31
2021-02-19,103.3
2021-02-20,103.29
2021-02-21,103.28
2021-02-22,103.27
2021-02-23,103.25
2021-02-24,103.24
2021-02-25,103.25
2021-02-26,103.24
2021-02-27,103.23
2021-02-28,103.2
2021-03-01,103.17
2021-03-02,103.16
2021-03-03,103.14
2021-03-04,103.12
2021-03-05,103.09
2021-03-06,103.06
2021-03-07,103.05
2021-03-08,103.05
2021-03-09,103.04
2021-03-10,103.03
2021-03-11,103.01
2021-03-12,103.01
2021-03-13,102.99
2021-03-14,102.98
2021-03-15,102.95
2021-03-16,102.93
2021-03-17,102.92
2021-03-18,102.9
2021-03-19,102.89
2021-03-20,102.87
2021-03-21,102.83
2021-03-22,102.81
2021-03-23,102.8
2021-03-24,102.79
2021-03-25,102.78
2021-03-26,102.78
2021-03-27,102.76
2021-03-28,102.74
2021-03-29,102.73
2021-03-30,102.73
2021-03-31,102.77
2021-04-01,102.79
2021-04-02,102.83
2021-04-03,102.85
2021-04-04,102.84
2021-04-05,102.81
2021-04-06,102.79
2021-04-07,102.76
2021-04-08,102.71
2021-04-09,102.67
2021-04-10,102.64
2021-04-11,102.63
2021-04-12,102.69
2021-04-13,102.82
2021-04-14,102.84
2021-04-15,102.83
2021-04-16,102.83
2021-04-17,102.82
2021-04-18,102.8
2021-04-19,102.79
2021-04-20,102.79
2021-04-21,102.78
2021-04-22,102.78
2021-04-23,102.79
2021-04-24,102.78
2021-04-25,102.78
2021-04-26,102.79
2021-04-27,102.84
2021-04-28,102.87
2021-04-29,102.87
2021-04-30,103.01
2021-05-01,103.06
2021-05-02,103.37
2021-05-03,103.37
2021-05-04,103.31
2021-05-05,103.28
2021-05-06,103.25
2021-05-07,103.23
2021-05-08,103.23
2021-05-09,103.21
2021-05-10,103.2
2021-05-11,103.74
2021-05-12,103.73
2021-05-13,103.59
2021-05-14,103.5
2021-05-15,103.45
2021-05-16,103.39
2021-05-17,103.36
2021-05-18,103.33
2021-05-19,103.3
2021-05-20,103.27
2021-05-21,103.24
2021-05-22,103.23
2021-05-23,103.22
2021-05-24,103.19
2021-05-25,103.2
2021-05-26,103.17
2021-05-27,103.15
2021-05-28,103.14
2021-05-29,103.14
2021-05-30,103.12
2021-05-31,103.11
2021-06-01,103.1
2021-06-02,103.08
2021-06-03,103.06
2021-06-04,103.04
2021-06-05,103.01
2021-06-06,103.0
2021-06-07,102.99
2021-06-08,103.0
2021-06-09,102.98
2021-06-10,102.99
2021-06-11,102.92
2021-06-12,102.81
2021-06-13,102.73
2021-06-14,102.68
2021-06-15,102.65
2021-06-16,102.63
2021-06-17,102.56
2021-06-18,102.33
2021-06-19,102.21
2021-06-20,102.12
2021-06-21,102.05
2021-06-22,101.96
2021-06-23,101.88
2021-06-24,101.8
2021-06-25,101.73
2021-06-26,101.67
2021-06-27,101.61
2021-06-28,101.54
2021-06-29,101.49
2021-06-30,101.43
2021-07-01,101.39
2021-07-02,101.33
2021-07-03,101.28
2021-07-04,101.21
2021-07-05,101.19
2021-07-06,101.13
2021-07-07,101.1
2021-07-08,101.05
2021-07-09,100.98
2021-07-10,100.88
2021-07-11,100.81
2021-07-12,100.76
2021-07-13,100.72
2021-07-14,100.67
2021-07-15,100.62
2021-07-16,100.57
2021-07-17,100.49
2021-07-18,100.38
2021-07-19,100.27
2021-07-20,100.19
2021-07-21,100.11
2021-07-22,100.02
2021-07-23,99.95
2021-07-24,99.9
2021-07-25,99.85
2021-07-26,99.81
2021-07-27,99.71
2021-07-28,99.65
2021-07-29,99.56
2021-07-30,99.48
2021-07-31,99.42
2021-08-01,99.36
2021-08-02,99.3
2021-08-03,99.2
2021-08-13,98.64
2021-08-14,98.6
2021-08-15,98.55
2021-08-16,98.51
2021-08-17,98.46
2021-08-18,98.42
2021-08-19,98.38
2021-08-20,98.34
2021-08-21,98.3
2021-08-22,98.25
2021-08-23,98.22
2021-08-24,98.19
2021-08-25,98.14
2021-08-26,98.08
2021-08-27,97.98
2021-08-28,97.91
2021-08-29,97.87
2021-08-30,97.82
2021-08-31,97.76
2021-09-01,97.71
2021-09-02,97.65
2021-09-03,97.6
2021-09-04,97.54
2021-09-05,97.49
2021-09-06,97.44
2021-09-07,97.39
2021-09-08,97.34
2021-09-09,97.29
2021-09-10,97.25
2021-09-11,97.21
2021-09-12,97.16
2021-09-13,97.13
2021-09-14,97.09
2021-09-15,97.06
2021-09-16,97.02
2021-09-17,97.01
2021-09-18,96.97
2021-09-19,96.91
2021-09-20,96.87
2021-09-21,96.83
2021-09-22,96.78
2021-09-23,96.73
2021-09-24,96.69
2021-09-25,96.64
2021-09-26,96.59
2021-09-27,96.58
2021-09-28,96.53
2021-09-29,96.48
2021-09-30,96.42
2021-10-01,96.38
2021-10-02,96.31
2021-10-03,96.28
2021-10-04,96.22
2021-10-05,96.21
2021-10-06,96.24
2021-10-07,96.21
2021-10-08,96.2
2021-10-09,96.18
2021-10-10,96.14
2021-10-11,96.11
2021-10-12,96.07
2021-10-13,96.04
2021-10-14,96.01
2021-10-15,95.98
2021-10-16,95.95
2021-10-17,95.92
2021-10-18,95.89
2021-10-19,95.86
2021-10-20,95.8
2021-10-21,95.81
2021-10-22,95.86
2021-10-23,95.92
2021-10-24,95.98
2021-10-25,96.03
2021-10-26,96.08
2021-10-27,96.11
2021-10-28,96.14
2021-10-29,96.2
2021-10-30,96.25
2021-10-31,96.31
2021-11-01,96.6
2021-11-02,96.66
2021-11-03,96.68
2021-11-04,96.76
2021-11-05,96.83
2021-11-06,96.9
2021-11-07,96.97
2021-11-08,97.04
2021-11-09,97.09
2021-11-10,97.15
2021-11-11,97.2
2021-11-12,97.3
2021-11-13,97.56
2021-11-14,97.73
2021-11-15,97.9
2021-11-16,98.07
2021-11-17,98.22
2021-11-18,98.35
2021-11-19,98.48
2021-11-20,98.6
2021-11-21,98.71
2021-11-22,98.8
2021-11-23,98.89
2021-11-24,98.98
2021-11-25,99.09
2021-11-26,99.19
2021-11-27,99.25
2021-11-28,99.3
2021-11-29,99.32
2021-11-30,99.34
2021-12-01,99.37
2021-12-02,99.41
2021-12-03,99.43
2021-12-04,99.45
2021-12-05,99.48
2021-12-06,99.48
2021-12-07,99.48
2021-12-08,99.49
2021-12-09,99.53
2021-12-10,99.55
2021-12-11,99.56
2021-12-12,99.54
2021-12-13,99.53
2021-12-14,99.52
2021-12-15,99.52
2021-12-16,99.51
2021-12-17,99.5
2021-12-18,99.49
2021-12-19,99.48
2021-12-20,99.48
2021-12-21,99.45
2021-12-22,99.43
2021-12-23,99.41
2021-12-24,99.4
2021-12-25,99.39
2021-12-26,99.41
2021-12-27,99.37
2021-12-28,99.37
2021-12-29,99.36
2021-12-30,99.37
2021-12-31,99.38
2022-01-01,99.39
2022-01-02,99.39
2022-01-03,99.38
2022-01-04,99.37
2022-01-05,99.36
2022-01-06,99.33
2022-01-07,99.3
2022-01-08,99.28
2022-01-09,99.24
2022-01-10,99.21
2022-01-11,99.15
2022-01-12,99.11
2022-01-13,99.05
2022-01-14,98.97
2022-01-15,98.87
2022-01-16,98.74
2022-01-17,98.62
2022-01-18,98.5
2022-01-19,98.39
2022-01-20,98.29
2022-01-21,98.2
2022-01-22,98.11
2022-01-23,98.0
2022-01-24,97.92
2022-01-25,97.84
2022-01-26,97.76
2022-01-27,97.66
2022-01-28,97.59
2022-01-29,97.51
2022-01-30,97.42
2022-01-31,97.36
2022-02-01,97.3
2022-02-02,97.22
2022-02-03,97.13
2022-02-04,97.07
2022-02-05,97.02
2022-02-06,96.94
2022-02-07,96.89
2022-02-08,96.84
2022-02-09,96.79
2022-02-10,96.72
2022-02-11,96.69
2022-02-12,96.66
2022-02-13,96.61
2022-02-14,96.57
2022-02-15,96.56
2022-02-16,96.54
2022-02-17,96.53
2022-02-18,96.54
2022-02-19,96.53
2022-02-20,96.51
2022-02-21,96.52
2022-02-22,96.5
2022-02-23,96.45
2022-02-24,96.41
2022-02-25,96.39
2022-02-26,96.36
2022-02-27,96.3
2022-02-28,96.27
2022-03-01,96.23
2022-03-02,96.19
2022-03-03,96.14
2022-03-04,96.11
2022-03-05,96.09
2022-03-06,96.05
2022-03-07,96.02
2022-03-08,96.0
2022-03-09,95.98
2022-03-10,95.93
2022-03-11,95.92
2022-03-12,95.89
2022-03-13,95.86
2022-03-14,95.84
2022-03-15,95.83
2022-03-16,95.81
2022-03-17,95.81
2022-03-18,95.82
2022-03-19,95.81
2022-03-20,95.8
2022-03-21,95.8
2022-03-22,95.78
2022-03-23,95.76
2022-03-24,95.72
2022-03-25,95.71
2022-03-26,95.69
2022-03-27,95.65
2022-03-28,95.65
2022-03-29,95.63
2022-03-30,95.6
2022-03-31,95.6
2022-04-01,95.6
2022-04-02,95.59
2022-04-03,95.58
2022-04-04,95.57
2022-04-05,95.56
2022-04-06,95.56
2022-04-07,95.56
2022-04-08,95.57
2022-04-09,95.58
2022-04-10,95.57
2022-04-11,95.57
2022-04-12,95.57
2022-04-13,95.57
2022-04-14,95.56
2022-04-15,95.57
2022-04-16,95.57
2022-04-17,95.57
2022-04-18,95.65
2022-04-19,95.76
2022-04-20,95.8
2022-04-21,95.88
2022-04-22,95.93
2022-04-23,95.96
2022-04-24,96.16
2022-04-25,96.28
2022-04-26,96.6
2022-04-27,96.7
2022-04-28,96.83
2022-04-29,96.93
2022-04-30,97.0
2022-05-01,97.02
2022-05-02,97.11
2022-05-03,97.16
2022-05-04,97.22
2022-05-05,97.23
2022-05-06,97.26
2022-05-07,97.29
2022-05-08,97.31
2022-05-09,97.35
2022-05-10,97.42
2022-05-11,97.48
2022-05-12,97.53
2022-05-13,97.6
2022-05-14,97.67
2022-05-15,97.72
2022-05-16,97.75
2022-05-17,97.71
2022-05-18,97.7
2022-05-19,97.71
2022-05-20,97.75
2022-05-21,97.78
2022-05-22,97.79
2022-05-23,97.82
2022-05-24,97.87
2022-05-25,97.91
2022-05-26,97.92
2022-05-27,97.94
2022-05-28,97.94
2022-05-29,97.91
2022-05-30,97.81
2022-05-31,97.74
2022-06-01,97.7
2022-06-02,97.62
2022-06-03,97.6
2022-06-04,97.53
2022-06-05,97.49
2022-06-06,97.47
2022-06-07,97.47
2022-06-08,97.44
2022-06-09,97.4
2022-06-10,97.37
2022-06-11,97.29
2022-06-12,97.24
2022-06-13,97.23
2022-06-14,97.21
2022-06-15,97.15
2022-06-16,97.14
2022-06-17,97.12
2022-06-18,97.09
2022-06-19,97.05
2022-06-20,97.02
2022-06-21,96.98
2022-06-22,96.9
2022-06-23,96.88
2022-06-24,96.86
2022-06-25,96.83
2022-06-26,96.78
2022-06-27,96.73
2022-06-28,96.73
2022-06-29,96.7
2022-06-30,96.63
2022-07-01,96.58
2022-07-02,96.55
2022-07-03,96.48
2022-07-04,96.41
2022-07-05,96.33
2022-07-06,96.3
2022-07-07,96.21
2022-07-08,96.13
2022-07-09,96.07
2022-07-10,96.0
2022-07-11,95.93
2022-07-12,95.88
2022-07-13,95.8
2022-07-14,95.77
2022-07-16,95.65
2022-07-17,95.63
2022-07-18,95.59
2022-07-19,95.55
2022-07-20,96.09
2022-07-21,96.05
2022-07-22,95.97
2022-07-23,95.9
2022-07-24,95.83
2022-07-25,95.75
2022-07-26,95.69
2022-07-27,95.62
2022-07-28,95.52
2022-07-29,95.5
2022-07-30,95.5
2022-07-31,95.5
2022-08-01,95.5
2022-08-02,95.5
2022-08-03,95.5
2022-08-04,95.5
2022-08-05,95.5
2022-08-06,95.5
2022-08-07,95.5
2022-08-08,95.5
2022-08-09,95.5
2022-08-10,95.5
2022-08-11,95.5
2022-08-12,95.5
2022-08-13,95.5
2022-08-14,95.5
2022-08-15,95.5
2022-08-16,95.5
2022-08-17,95.5
2022-08-18,95.5
2022-08-19,95.5
2022-08-20,95.5
2022-08-21,95.5
2022-08-22,95.5
2022-08-23,95.5
2022-08-24,95.5
2022-08-25,95.5
2022-08-26,95.5
2022-08-27,95.5
2022-08-28,95.5
2022-08-29,95.5
2022-08-30,95.5
2022-08-31,95.5
2022-09-01,95.5
2022-09-02,95.5
2022-09-03,95.5
2022-09-04,95.5
2022-09-05,95.5
2022-09-06,95.51
2022-09-07,95.51
2022-09-08,95.5
2022-09-09,95.51
2022-09-10,95.5
2022-09-11,95.51
2022-09-12,95.51
2022-09-13,95.51
2022-09-14,95.51
2022-09-15,95.51
2022-09-16,95.51
2022-09-17,95.51
2022-09-18,95.51
2022-09-19,95.51
2022-09-20,95.51
2022-09-21,95.51
2022-09-22,95.51
2022-09-23,95.51
2022-09-24,95.51
2022-09-25,95.51
2022-09-26,95.51
2022-09-27,95.51
2022-09-28,95.51
2022-09-29,95.51
2022-09-30,95.51
2022-10-01,95.51
2022-10-02,95.51
2022-10-03,95.51
2022-10-04,95.51
2022-10-05,95.51
2022-10-06,95.51
2022-10-07,95.51
2022-10-08,95.51
2022-10-09,95.51
2022-10-10,95.51
2022-10-11,95.51
2022-10-12,95.51
2022-10-13,95.51
2022-10-14,95.51
2022-10-15,95.51
2022-10-16,95.51
2022-10-17,95.51
2022-10-18,95.51
2022-10-19,95.51
2022-10-20,95.51
2022-10-21,95.51
2022-10-22,95.51
2022-10-23,95.51
2022-10-24,95.51
2022-10-25,95.51
2022-10-26,95.51
2022-10-27,95.51
2022-10-28,95.51
2022-10-29,95.51
2022-10-30,95.51
2022-10-31,95.51
2022-11-01,95.51
2022-11-02,95.51
2022-11-03,95.51
2022-11-04,95.51
2022-11-05,95.51
2022-11-06,95.51
2022-11-07,95.51
2022-11-08,95.51
2022-11-09,95.51
2022-11-10,95.51
2022-11-11,95.51
2022-11-12,95.51
2022-11-13,95.51
2022-11-14,95.51
2022-11-15,95.51
2022-11-16,95.51
2022-11-17,95.51
2022-11-18,95.51
2022-11-19,95.51
2022-11-20,95.51
2022-11-21,95.51
2022-11-22,95.51
2022-11-23,95.51
2022-11-24,95.51
2022-11-25,95.51
2022-11-26,95.51
2022-11-27,95.51
2022-11-28,95.51
2022-11-29,95.51
2022-11-30,95.51
2022-12-01,95.51
2022-12-02,95.51
2022-12-03,95.51
2022-12-04,95.51
2022-12-05,95.51
2022-12-06,95.51
2022-12-07,95.51
2022-12-08,95.51
2022-12-09,95.51
2022-12-10,95.51
2022-12-11,95.51
2022-12-12,95.51
2022-12-13,95.51
2022-12-14,95.51
2022-12-15,95.51
2022-12-16,95.51
2022-12-17,95.51
2022-12-18,95.51
2022-12-19,95.51
2022-12-20,95.51
2022-12-21,95.51
2022-12-22,95.51
2022-12-23,95.51
2022-12-24,95.51
2022-12-25,95.51
2022-12-26,95.51
2022-12-27,95.51
2022-12-28,95.51
2022-12-29,95.51
2022-12-30,95.51
2022-12-31,95.51
2023-01-01,95.51
2023-01-02,95.51
2023-01-03,95.51
2023-01-04,95.51
2023-01-05,95.51
2023-01-06,95.51
2023-01-07,95.51
2023-01-08,95.51
2023-01-09,95.51
2023-01-10,95.53
2023-01-11,95.6
2023-01-12,95.66
2023-01-13,95.7
2023-01-14,95.74
2023-01-15,95.78
2023-01-16,95.82
2023-01-17,95.86
2023-01-18,95.88
2023-01-19,95.89
2023-01-20,95.9
2023-01-21,95.9
2023-01-22,95.9
2023-01-23,95.9
2023-01-24,95.91
2023-01-25,95.93
2023-01-26,95.96
2023-01-27,95.97
2023-01-28,95.96
2023-01-29,95.96
2023-01-30,95.96
2023-01-31,95.97
2023-02-01,95.97
2023-02-02,95.98
2023-02-03,95.98
2023-02-04,95.98
2023-02-05,95.95
2023-02-06,95.94
2023-02-07,95.97
2023-02-08,95.96
2023-02-09,95.95
2023-02-10,95.94
2023-02-11,95.92
2023-02-12,95.88
2023-02-13,95.87
2023-02-14,95.88
2023-02-15,95.9
2023-02-16,95.9
2023-02-17,95.91
2023-02-18,95.92
2023-02-19,95.91
2023-02-20,95.91
2023-02-21,95.94
2023-02-22,95.36
2023-02-23,95.38
2023-02-24,95.4
2023-02-25,95.4
2023-02-26,95.38
2023-02-27,95.36
2023-02-28,95.36
2023-03-01,95.35
2023-03-02,95.33
2023-03-03,95.33
2023-03-04,95.33
2023-03-05,95.31
2023-03-06,95.31
2023-03-07,95.32
2023-03-08,95.29
2023-03-09,95.23
2023-03-10,95.21
2023-03-11,95.18
2023-03-12,95.16
2023-03-13,95.15
2023-03-14,95.18
2023-03-15,95.24
2023-03-16,95.18
2023-03-17,95.16
2023-03-18,95.15
2023-03-19,95.15
2023-03-20,95.18
2023-03-21,95.21
2023-03-22,95.22
2023-03-23,95.22
2023-03-24,95.26
2023-03-25,95.3
2023-03-26,95.3
2023-03-27,95.32
2023-03-28,95.33
2023-03-29,95.34
2023-03-30,95.31
2023-03-31,95.34
2023-04-01,95.37
2023-04-02,95.36
2023-04-03,95.36
2023-04-04,95.39
2023-04-05,95.39
2023-04-06,95.37
2023-04-07,95.38
2023-04-08,95.4
2023-04-09,95.37
2023-04-10,95.36
2023-04-11,95.4
2023-04-12,95.42
2023-04-13,95.42
2023-04-14,95.46
2023-04-15,95.47
2023-04-16,95.43
2023-04-17,95.42
2023-04-18,95.45
2023-04-19,95.46
2023-04-20,95.45
2023-04-21,95.46
2023-04-22,95.47
2023-04-23,95.44
2023-04-24,95.45
2023-04-25,95.49
2023-04-26,95.51
2023-04-27,95.51
2023-04-28,95.54
2023-04-29,95.56
2023-04-30,95.58
2023-05-01,95.61
2023-05-02,95.91
2023-05-03,95.94
2023-05-04,95.96
2023-05-05,95.96
2023-05-06,95.98
2023-05-07,96.0
2023-05-08,96.03
2023-05-09,96.08
2023-05-10,96.13
2023-05-11,96.17
2023-05-12,96.24
2023-05-13,96.33
2023-05-14,96.41
2023-05-15,96.46
2023-05-16,97.42
2023-05-17,97.88
2023-05-18,98.25
2023-05-19,98.45
2023-05-20,98.61
2023-05-21,98.77
2023-05-22,98.94
2023-05-23,99.09
2023-05-24,99.17
2023-05-25,99.2
2023-05-26,99.2
2023-05-27,99.11
2023-05-28,99.0
2023-05-29,98.88
2023-05-30,98.73
2023-05-31,98.6
2023-06-01,98.46
2023-06-02,98.39
2023-06-03,98.35
2023-06-04,98.28
2023-06-05,98.18
2023-06-06,98.13
2023-06-07,98.05
2023-06-08,97.94
2023-06-09,97.89
2023-06-10,97.85
2023-06-11,97.81
2023-06-12,97.7
2023-06-13,97.66
2023-06-14,97.58
2023-06-15,97.53
2023-06-16,97.5
2023-06-17,97.49
2023-06-18,97.47
2023-06-19,97.45
2023-06-20,97.42
2023-06-21,97.39
2023-06-22,97.35
2023-06-23,97.36
2023-06-24,97.33
2023-06-25,97.29
2023-06-26,97.28
2023-06-27,97.29
2023-06-28,97.21
2023-06-29,97.14
2023-06-30,97.08
2023-07-01,96.98
2023-07-02,96.88
2023-07-03,96.78
2023-07-04,96.73
2023-07-05,96.68
2023-07-06,96.59
2023-07-07,96.55
2023-07-08,96.53
2023-07-09,96.47
2023-07-10,96.42
2023-07-11,96.38
2023-07-12,96.28
2023-07-13,96.23
2023-07-14,96.17
2023-07-15,96.09
2023-07-16,96.03
2023-07-17,95.98
2023-07-18,95.94
2023-07-19,95.89
2023-07-20,95.78
2023-07-21,95.75
2023-07-22,95.68
2023-07-23,95.63
2023-07-24,95.58
2023-07-25,95.56
2023-07-26,95.52
2023-07-27,95.44
2023-07-28,95.39
2023-07-29,95.36
2023-07-30,95.3
2023-07-31,95.27
2023-08-01,95.25
2023-08-02,95.21
2023-08-03,95.14
2023-08-04,95.09
2023-08-05,95.06
2023-08-06,95.0
2023-08-07,94.96
2023-08-08,94.93
2023-08-09,94.93
2023-08-10,94.93
2023-08-11,94.93
2023-08-12,94.92
2023-08-13,94.92
2023-08-14,94.92
2023-08-15,94.92
2023-08-16,94.93
2023-08-17,94.93
2023-08-18,94.93
2023-08-19,94.93
2023-08-20,94.93
2023-08-21,94.93
2023-08-22,94.93
2023-08-23,94.93
2023-08-24,94.93
2023-08-25,94.93
2023-08-26,94.93
2023-08-27,94.93
2023-08-28,94.93
2023-08-29,94.93
2023-08-30,94.93
2023-08-31,94.93
2023-09-01,94.93
2023-09-02,94.93
2023-09-03,94.93
2023-09-04,94.93
2023-09-05,94.93
2023-09-06,94.93
2023-09-07,94.93
2023-09-08,94.93
2023-09-09,94.93
2023-09-10,94.95
2023-09-11,95.0
2023-09-12,95.07
2023-09-13,95.11
2023-09-14,95.12
2023-09-15,95.15
2023-09-16,95.19
2023-09-17,95.16
2023-09-18,95.17
2023-09-19,95.19
2023-09-20,95.06
2023-09-21,94.93
2023-09-22,94.93
2023-09-23,94.93
2023-09-24,94.93
2023-09-25,94.93
2023-09-26,94.93
2023-09-27,94.93
2023-09-28,94.93
2023-09-29,94.93
2023-09-30,94.93
2023-10-01,94.93
2023-10-02,94.93
2023-10-03,94.93
2023-10-04,94.93
2023-10-05,94.93
2023-10-06,94.93
2023-10-07,94.93
2023-10-08,94.93
2023-10-09,94.93
2023-10-10,94.93
2023-10-11,94.93
2023-10-12,94.93
2023-10-13,94.93
2023-10-14,94.93
2023-10-15,94.93
2023-10-16,94.93
2023-10-17,94.93
2023-10-18,94.93
2023-10-19,94.93
2023-10-20,94.93
2023-10-21,94.93
2023-10-22,94.93
2023-10-23,94.93
2023-10-24,94.93
2023-10-25,95.36
2023-10-26,95.9
2023-10-27,96.16
2023-10-28,96.26
2023-10-29,96.3
2023-10-30,96.66
2023-10-31,96.87
2023-11-01,97.36
2023-11-02,97.72
2023-11-03,97.92
2023-11-04,98.36
2023-11-05,98.64
2023-11-06,98.73
2023-11-07,98.99
2023-11-08,99.2
2023-11-09,99.32
2023-11-10,99.38
2023-11-11,99.48
2023-11-12,99.62
2023-11-13,99.65
2023-11-14,99.8
2023-11-15,99.93
2023-11-16,100.01
2023-11-17,100.09
2023-11-18,100.13
2023-11-19,100.17
2023-11-20,100.22
2023-11-21,100.3
2023-11-22,100.34
2023-11-23,100.34
2023-11-24,100.4
2023-11-25,100.43
2023-11-26,100.46
2023-11-27,100.49
2023-11-28,100.55
2023-11-29,100.54
2023-11-30,100.53
2023-12-01,100.62
