,date,value
0,1995-11-15,178.6
1,1996-05-30,178.47
2,1996-06-28,178.29
3,1996-08-06,177.97
4,1996-09-03,178.51
5,1996-11-05,178.06
6,1996-12-03,178.77
7,1997-01-21,178.61
8,1997-03-06,178.76
9,1997-04-17,178.66
10,1997-05-26,178.65
11,1997-06-26,178.6
12,1997-07-24,178.82
13,1997-08-21,178.6
14,1997-10-01,178.31
15,1997-10-28,178.18
16,1997-11-25,178.41
17,1997-12-18,178.74
18,1998-01-21,178.82
19,1998-02-18,178.81
20,1998-03-23,178.62
21,1998-04-28,178.78
22,1998-05-27,178.76
23,1998-06-29,178.63
24,1998-07-30,178.47
25,1998-08-25,178.56
26,1998-09-24,178.23
27,1998-10-27,178.39
28,1998-11-26,178.41
29,1998-12-22,178.51
30,1999-01-26,178.75
31,1999-02-25,178.85
32,1999-03-26,178.93
33,1999-04-23,178.88
34,1999-05-11,178.81
35,1999-06-29,178.71
36,1999-07-26,178.67
37,1999-08-27,178.7
38,1999-09-29,178.8
39,1999-10-25,178.83
40,1999-11-26,178.47
41,1999-12-27,178.8
42,2000-01-31,178.77
43,2000-02-25,178.82
44,2000-03-23,178.89
45,2000-04-28,178.74
46,2000-05-23,178.67
47,2000-06-23,178.58
48,2000-07-25,178.6
49,2000-08-22,178.56
50,2000-09-29,178.38
51,2000-10-26,178.76
52,2000-11-28,178.9
53,2000-12-27,178.87
54,2001-01-31,179.0
55,2001-02-22,179.01
56,2001-03-29,179.05
57,2001-04-23,179.07
58,2001-05-29,178.87
59,2001-06-26,178.86
60,2001-07-25,178.88
61,2001-08-24,178.57
62,2001-09-20,178.5
63,2001-10-19,178.47
64,2001-11-26,178.47
65,2001-12-11,178.59
66,2002-01-24,178.75
67,2002-02-21,178.9
68,2002-03-20,178.94
69,2002-04-22,178.79
70,2002-05-27,178.7
71,2002-06-25,178.73
72,2002-07-17,178.76
73,2002-08-23,178.82
74,2002-09-27,178.83
75,2002-10-23,178.86
76,2002-11-25,178.88
77,2002-12-16,178.92
78,2003-01-21,178.97
79,2003-02-24,178.97
80,2003-03-27,178.93
81,2003-04-24,178.94
82,2003-05-22,178.92
83,2003-06-26,178.92
84,2003-07-17,178.96
85,2003-08-27,178.27
86,2003-09-25,178.09
87,2003-10-24,177.99
88,2003-11-20,177.94
89,2003-12-15,177.95
90,2004-01-22,178.74
91,2004-02-23,178.67
92,2004-03-29,178.36
93,2004-04-26,178.26
94,2004-05-17,178.56
95,2004-06-07,178.35
96,2004-06-14,178.31
97,2004-06-28,178.22
98,2004-07-15,178.14
99,2004-07-19,178.14
100,2004-07-30,178.07
101,2004-08-13,178.03
102,2004-08-30,178.07
103,2004-09-17,178.02
104,2004-09-27,177.95
105,2004-10-25,177.97
106,2004-11-29,177.89
107,2004-12-20,177.89
108,2005-01-20,178.13
109,2005-02-17,178.31
110,2005-03-23,178.34
111,2005-04-27,178.27
112,2005-05-25,178.3
113,2005-06-22,178.09
114,2005-07-20,178.3
115,2005-08-25,178.07
116,2005-09-22,177.95
117,2005-10-26,177.86
118,2005-11-29,177.79
119,2005-12-20,177.85
120,2006-01-30,177.94
121,2006-02-27,178.48
122,2006-03-27,178.73
123,2006-04-26,178.63
124,2006-05-29,178.58
125,2006-06-19,178.43
126,2006-07-17,178.22
127,2006-08-23,178.37
128,2006-09-19,178.25
129,2006-10-23,178.1
130,2006-11-27,178.26
131,2006-12-18,178.58
132,2007-01-25,178.67
133,2007-02-26,178.83
134,2007-03-30,178.91
135,2007-04-24,178.76
136,2007-05-15,178.68
137,2007-06-11,178.47
138,2007-06-12,178.47
139,2007-06-13,178.46
140,2007-06-14,178.45
141,2007-06-15,178.45
142,2007-06-16,178.45
143,2007-06-17,178.44
144,2007-06-18,178.42
145,2007-06-19,178.41
146,2007-06-20,178.4
147,2007-06-21,178.39
148,2007-06-22,178.39
149,2007-06-23,178.38
150,2007-06-24,178.37
151,2007-06-25,178.36
152,2007-06-26,178.36
153,2007-06-27,178.35
154,2007-06-28,178.35
155,2007-06-29,178.35
156,2007-06-30,178.34
157,2007-07-01,178.34
158,2007-07-02,178.34
159,2007-07-09,178.46
160,2007-07-10,178.46
161,2007-07-11,178.45
162,2007-07-12,178.43
163,2007-07-13,178.42
164,2007-07-14,178.4
165,2007-07-15,178.38
166,2007-07-16,178.36
167,2007-07-17,178.35
168,2007-07-18,178.33
169,2007-07-23,178.34
170,2007-07-24,178.34
171,2007-07-25,178.34
172,2007-07-26,178.34
173,2007-07-27,178.33
174,2007-07-28,178.33
175,2007-07-29,178.31
176,2007-07-30,178.3
177,2007-07-31,178.29
178,2007-08-01,178.28
179,2007-08-02,178.27
180,2007-08-03,178.26
181,2007-08-04,178.24
182,2007-08-05,178.23
183,2007-08-06,178.22
184,2007-08-13,178.17
185,2007-08-14,178.16
186,2007-08-15,178.16
187,2007-08-16,178.15
188,2007-08-17,178.14
189,2007-08-18,178.13
190,2007-08-19,178.13
191,2007-08-20,178.12
192,2007-08-21,178.11
193,2007-08-22,178.11
194,2007-08-23,178.11
195,2007-08-24,178.12
196,2007-08-25,178.13
197,2007-08-26,178.14
198,2007-08-27,178.14
199,2007-08-28,178.14
200,2007-08-29,178.14
201,2007-08-30,178.14
202,2007-08-31,178.14
203,2007-09-01,178.14
204,2007-09-02,178.14
205,2007-09-03,178.13
206,2007-09-04,178.12
207,2007-09-05,178.11
208,2007-09-06,178.1
209,2007-09-07,178.1
210,2007-09-08,178.08
211,2007-09-09,178.08
212,2007-09-10,178.06
213,2007-09-11,178.05
214,2007-09-12,178.04
215,2007-09-13,178.04
216,2007-09-14,178.03
217,2007-09-15,178.03
218,2007-09-16,178.02
219,2007-09-17,178.01
220,2007-09-18,178.01
221,2007-09-19,178.0
222,2007-09-20,177.99
223,2007-09-21,177.98
224,2007-09-22,177.98
225,2007-09-23,177.97
226,2007-09-24,177.96
227,2007-09-25,177.96
228,2007-09-26,177.96
229,2007-09-27,177.96
230,2007-09-28,177.96
231,2007-09-29,177.97
232,2007-09-30,178.01
233,2007-10-01,178.05
234,2007-10-02,178.08
235,2007-10-03,178.13
236,2007-10-04,178.13
237,2007-10-05,178.1
238,2007-10-06,178.07
239,2007-10-07,178.04
240,2007-10-08,178.01
241,2007-10-09,178.0
242,2007-10-10,177.99
243,2007-10-11,177.98
244,2007-10-12,177.97
245,2007-10-13,177.97
246,2007-10-14,177.97
247,2007-10-15,177.97
248,2007-10-16,177.97
249,2007-10-17,177.96
250,2007-10-18,177.95
251,2007-10-19,177.94
252,2007-10-20,177.93
253,2007-10-21,177.93
254,2007-10-22,177.92
255,2007-10-23,178.01
256,2007-10-24,178.0
257,2007-10-25,178.0
258,2007-10-26,177.99
259,2007-10-27,177.99
260,2007-10-28,177.98
261,2007-10-29,177.98
262,2007-10-30,177.98
263,2007-11-05,177.99
264,2007-11-06,177.99
265,2007-11-07,177.98
266,2007-11-08,177.98
267,2007-11-09,177.98
268,2007-11-10,177.98
269,2007-11-11,177.97
270,2007-11-12,177.97
271,2007-11-13,177.97
272,2007-11-14,177.97
273,2007-11-15,177.97
274,2007-11-16,177.97
275,2007-11-17,177.96
276,2007-11-18,177.96
277,2007-11-19,177.96
278,2007-11-20,177.96
279,2007-11-21,177.96
280,2007-11-22,177.96
281,2007-11-23,177.98
282,2007-11-24,177.99
283,2007-11-25,177.99
284,2007-11-26,177.99
285,2007-11-29,177.98
286,2007-11-30,177.98
287,2007-12-01,177.97
288,2007-12-02,177.97
289,2007-12-03,178.0
290,2007-12-04,178.03
291,2007-12-05,178.09
292,2007-12-06,178.17
293,2007-12-07,178.23
294,2007-12-08,178.27
295,2007-12-09,178.34
296,2007-12-10,178.49
297,2007-12-11,178.54
298,2007-12-13,178.66
299,2007-12-14,178.67
300,2007-12-15,178.69
301,2007-12-16,178.69
302,2007-12-17,178.68
303,2007-12-18,178.68
304,2007-12-19,178.66
305,2007-12-20,178.65
306,2007-12-21,178.65
307,2007-12-22,178.65
308,2007-12-23,178.65
309,2007-12-24,178.66
310,2007-12-25,178.66
311,2007-12-26,178.67
312,2007-12-27,178.68
313,2007-12-28,178.68
314,2007-12-29,178.68
315,2007-12-30,178.67
316,2007-12-31,178.66
317,2008-01-01,178.65
318,2008-01-02,178.63
319,2008-01-03,178.63
320,2008-01-04,178.62
321,2008-01-05,178.61
322,2008-01-06,178.61
323,2008-01-07,178.6
324,2008-01-08,178.6
325,2008-01-09,178.6
326,2008-01-10,178.59
327,2008-01-11,178.58
328,2008-01-12,178.58
329,2008-01-13,178.57
330,2008-01-14,178.57
331,2008-01-15,178.57
332,2008-01-16,178.57
333,2008-01-17,178.58
334,2008-01-18,178.59
335,2008-01-19,178.59
336,2008-01-20,178.59
337,2008-01-21,178.59
338,2008-01-22,178.59
339,2008-01-23,178.59
340,2008-01-24,178.6
341,2008-01-25,178.61
342,2008-01-26,178.61
343,2008-01-27,178.61
344,2008-01-28,178.62
345,2008-01-29,178.62
346,2008-01-30,178.63
347,2008-01-31,178.63
348,2008-02-01,178.64
349,2008-02-02,178.66
350,2008-02-03,178.72
351,2008-02-04,178.77
352,2008-02-05,178.77
353,2008-02-06,178.78
354,2008-02-07,178.79
355,2008-02-08,178.8
356,2008-02-09,178.8
357,2008-02-10,178.81
358,2008-02-11,178.82
359,2008-02-12,178.82
360,2008-02-13,178.83
361,2008-02-14,178.83
362,2008-02-15,178.83
363,2008-02-16,178.84
364,2008-02-18,178.84
365,2008-02-19,178.84
366,2008-02-20,178.84
367,2008-02-21,178.84
368,2008-02-22,178.84
369,2008-02-23,178.84
370,2008-02-24,178.84
371,2008-02-25,178.84
372,2008-02-26,178.84
373,2008-02-27,178.84
374,2008-02-28,178.84
375,2008-02-29,178.84
376,2008-03-01,178.84
377,2008-03-02,178.84
378,2008-03-03,178.84
379,2008-03-04,178.84
380,2008-03-05,178.83
381,2008-03-06,178.83
382,2008-03-07,178.83
383,2008-03-08,178.83
384,2008-03-09,178.82
385,2008-03-10,178.82
386,2008-03-11,178.83
387,2008-03-12,178.82
388,2008-03-13,178.82
389,2008-03-14,178.82
390,2008-03-15,178.82
391,2008-03-16,178.82
392,2008-03-17,178.82
393,2008-03-18,178.83
394,2008-03-19,178.83
395,2008-03-20,178.83
396,2008-03-21,178.82
397,2008-03-22,178.83
398,2008-03-23,178.84
399,2008-03-24,178.84
400,2008-03-25,178.84
401,2008-03-26,178.83
402,2008-03-27,178.83
403,2008-03-28,178.83
404,2008-03-29,178.83
405,2008-03-30,178.83
406,2008-03-31,178.83
407,2008-04-01,178.83
408,2008-04-02,178.83
409,2008-04-03,178.83
410,2008-04-04,178.83
411,2008-04-05,178.83
412,2008-04-06,178.83
413,2008-04-07,178.83
414,2008-04-08,178.83
415,2008-04-09,178.83
416,2008-04-10,178.83
417,2008-04-11,178.83
418,2008-04-12,178.83
419,2008-04-13,178.82
420,2008-04-14,178.82
421,2008-04-15,178.82
422,2008-04-16,178.82
423,2008-04-17,178.8
424,2008-04-18,178.8
425,2008-04-19,178.81
426,2008-04-20,178.81
427,2008-04-21,178.81
428,2008-04-23,178.8
429,2008-04-24,178.8
430,2008-04-25,178.8
431,2008-04-26,178.79
432,2008-04-27,178.79
433,2008-04-28,178.79
434,2008-04-30,178.8
435,2008-05-01,178.8
436,2008-05-02,178.8
437,2008-05-03,178.79
438,2008-05-04,178.79
439,2008-05-05,178.79
440,2008-05-06,178.79
441,2008-05-07,178.78
442,2008-05-08,178.78
443,2008-05-09,178.78
444,2008-05-10,178.78
445,2008-05-11,178.77
446,2008-05-12,178.77
447,2008-05-13,178.77
448,2008-05-14,178.76
449,2008-05-15,178.76
450,2008-05-16,178.75
451,2008-05-17,178.75
452,2008-05-18,178.75
453,2008-05-19,178.74
454,2008-05-20,178.74
455,2008-05-21,178.73
456,2008-05-22,178.73
457,2008-05-23,178.73
458,2008-05-24,178.72
459,2008-05-25,178.72
460,2008-05-26,178.72
461,2008-05-27,178.71
462,2008-05-28,178.72
463,2008-05-29,178.71
464,2008-05-30,178.71
465,2008-05-31,178.7
466,2008-06-01,178.7
467,2008-06-02,178.7
468,2008-06-03,178.69
469,2008-06-04,178.69
470,2008-06-05,178.69
471,2008-06-06,178.68
472,2008-06-07,178.68
473,2008-06-08,178.69
474,2008-06-09,178.7
475,2008-06-10,178.69
476,2008-06-11,178.69
477,2008-06-12,178.68
478,2008-06-13,178.68
479,2008-06-14,178.67
480,2008-06-15,178.67
481,2008-06-16,178.67
482,2008-06-17,178.66
483,2008-06-18,178.66
484,2008-06-19,178.65
485,2008-06-20,178.64
486,2008-06-21,178.63
487,2008-06-22,178.63
488,2008-06-23,178.62
489,2008-06-24,178.62
490,2008-06-25,178.61
491,2008-06-26,178.61
492,2008-06-27,178.6
493,2008-06-28,178.59
494,2008-06-29,178.59
495,2008-06-30,178.58
496,2008-07-01,178.57
497,2008-07-02,178.57
498,2008-07-03,178.57
499,2008-07-04,178.56
500,2008-07-05,178.55
501,2008-07-06,178.55
502,2008-07-07,178.54
503,2008-07-08,178.54
504,2008-07-09,178.53
505,2008-07-10,178.53
506,2008-07-11,178.53
507,2008-07-12,178.52
508,2008-07-13,178.51
509,2008-07-14,178.5
510,2008-07-15,178.49
511,2008-07-16,178.48
512,2008-07-17,178.47
513,2008-07-18,178.47
514,2008-07-19,178.46
515,2008-07-20,178.45
516,2008-07-21,178.43
517,2008-07-22,178.42
518,2008-07-23,178.41
519,2008-07-24,178.4
520,2008-07-25,178.39
521,2008-07-26,178.38
522,2008-07-27,178.37
523,2008-07-28,178.35
524,2008-07-29,178.34
525,2008-07-30,178.33
526,2008-07-31,178.32
527,2008-08-01,178.31
528,2008-08-02,178.3
529,2008-08-03,178.3
530,2008-08-04,178.29
531,2008-08-05,178.28
532,2008-08-06,178.27
533,2008-08-07,178.26
534,2008-08-08,178.26
535,2008-08-09,178.25
536,2008-08-10,178.24
537,2008-08-11,178.24
538,2008-08-12,178.23
539,2008-08-13,178.23
540,2008-08-14,178.21
541,2008-08-15,178.21
542,2008-08-16,178.2
543,2008-08-17,178.19
544,2008-08-18,178.18
545,2008-08-19,178.17
546,2008-08-20,178.17
547,2008-08-21,178.16
548,2008-08-22,178.16
549,2008-08-23,178.15
550,2008-08-24,178.16
551,2008-08-25,178.16
552,2008-08-26,178.16
553,2008-08-27,178.15
554,2008-08-28,178.14
555,2008-08-29,178.13
556,2008-08-30,178.12
557,2008-08-31,178.11
558,2008-09-01,178.1
559,2008-09-02,178.1
560,2008-09-03,178.1
561,2008-09-04,178.09
562,2008-09-05,178.09
563,2008-09-06,178.09
564,2008-09-07,178.08
565,2008-09-08,178.07
566,2008-09-09,178.07
567,2008-09-10,178.06
568,2008-09-11,178.05
569,2008-09-12,178.04
570,2008-09-13,178.04
571,2008-09-14,178.04
572,2008-09-15,178.04
573,2008-09-16,178.05
574,2008-09-17,178.05
575,2008-09-18,178.05
576,2008-09-19,178.05
577,2008-09-20,178.04
578,2008-09-21,178.04
579,2008-09-22,178.03
580,2008-09-23,178.03
581,2008-09-24,178.02
582,2008-09-25,178.02
583,2008-09-26,178.02
584,2008-09-27,178.01
585,2008-09-28,178.01
586,2008-09-29,178.0
587,2008-09-30,178.0
588,2008-10-01,178.0
589,2008-10-02,178.0
590,2008-10-03,177.99
591,2008-10-04,177.99
592,2008-10-05,177.99
593,2008-10-06,177.99
594,2008-10-07,177.98
595,2008-10-08,177.98
596,2008-10-09,177.98
597,2008-10-10,177.98
598,2008-10-11,177.98
599,2008-10-12,177.98
600,2008-10-13,177.97
601,2008-10-14,177.97
602,2008-10-15,177.96
603,2008-10-16,177.96
604,2008-10-17,177.96
605,2008-10-18,177.95
606,2008-10-19,177.95
607,2008-10-20,177.94
608,2008-10-21,177.94
609,2008-10-22,177.94
610,2008-10-23,177.93
611,2008-10-24,177.93
612,2008-10-25,177.93
613,2008-10-26,177.93
614,2008-10-27,177.92
615,2008-10-28,177.92
616,2008-10-29,177.93
617,2008-10-30,177.93
618,2008-10-31,177.94
619,2008-11-01,177.93
620,2008-11-02,177.94
621,2008-11-05,177.95
622,2008-11-06,177.95
623,2008-11-07,177.95
624,2008-11-08,177.95
625,2008-11-09,177.95
626,2008-11-10,177.95
627,2008-11-11,177.95
628,2008-11-12,177.95
629,2008-11-13,177.95
630,2008-11-14,177.95
631,2008-11-15,177.95
632,2008-11-16,177.95
633,2008-11-17,177.95
634,2008-11-18,177.95
635,2008-11-19,177.96
636,2008-11-20,177.96
637,2008-11-21,177.96
638,2008-11-22,177.96
639,2008-11-23,177.96
640,2008-11-24,177.95
641,2008-11-25,177.95
642,2008-11-26,177.95
643,2008-11-27,177.95
644,2008-11-28,177.95
645,2008-11-29,177.96
646,2008-11-30,177.95
647,2008-12-01,177.95
648,2008-12-02,177.95
649,2008-12-03,177.95
650,2008-12-04,177.96
651,2008-12-05,178.0
652,2008-12-06,178.01
653,2008-12-07,178.03
654,2008-12-08,178.04
655,2008-12-09,178.06
656,2008-12-10,178.08
657,2008-12-11,178.1
658,2008-12-12,178.12
659,2008-12-13,178.13
660,2008-12-14,178.14
661,2008-12-15,178.13
662,2008-12-16,178.13
663,2008-12-17,178.13
664,2008-12-18,178.13
665,2008-12-19,178.12
666,2008-12-20,178.11
667,2008-12-21,178.1
668,2008-12-22,178.09
669,2008-12-23,178.08
670,2008-12-24,178.07
671,2008-12-25,178.06
672,2008-12-26,178.05
673,2008-12-27,178.04
674,2008-12-28,178.04
675,2008-12-29,178.04
676,2008-12-30,178.03
677,2008-12-31,178.02
678,2009-01-01,178.01
679,2009-01-02,178.01
680,2009-01-03,178.0
681,2009-01-04,178.0
682,2009-01-05,177.99
683,2009-01-06,177.98
684,2009-01-07,177.98
685,2009-01-08,177.97
686,2009-01-09,177.97
687,2009-01-10,177.97
688,2009-01-11,177.96
689,2009-01-12,177.96
690,2009-01-13,177.95
691,2009-01-14,177.95
692,2009-01-15,177.95
693,2009-01-16,177.95
694,2009-01-17,177.94
695,2009-01-18,177.94
696,2009-01-19,177.94
697,2009-01-20,177.95
698,2009-01-21,177.95
699,2009-01-22,177.96
700,2009-01-23,177.97
701,2009-01-24,177.99
702,2009-01-25,178.04
703,2009-01-26,178.08
704,2009-01-27,178.12
705,2009-01-28,178.13
706,2009-01-29,178.15
707,2009-01-30,178.16
708,2009-01-31,178.16
709,2009-02-01,178.15
710,2009-02-02,178.15
711,2009-02-03,178.15
712,2009-02-04,178.14
713,2009-02-05,178.16
714,2009-02-06,178.17
715,2009-02-07,178.17
716,2009-02-08,178.17
717,2009-02-09,178.17
718,2009-02-10,178.18
719,2009-02-11,178.22
720,2009-02-12,178.31
721,2009-02-13,178.37
722,2009-02-14,178.41
723,2009-02-15,178.45
724,2009-02-16,178.47
725,2009-02-17,178.48
726,2009-02-18,178.5
727,2009-02-19,178.51
728,2009-02-20,178.52
729,2009-02-21,178.53
730,2009-02-22,178.53
731,2009-02-23,178.54
732,2009-02-24,178.55
733,2009-02-25,178.55
734,2009-02-26,178.56
735,2009-02-27,178.57
736,2009-02-28,178.57
737,2009-03-01,178.58
738,2009-03-02,178.58
739,2009-03-03,178.58
740,2009-03-04,178.58
741,2009-03-05,178.59
742,2009-03-06,178.59
743,2009-03-07,178.58
744,2009-03-08,178.56
745,2009-03-09,178.55
746,2009-03-10,178.55
747,2009-03-11,178.54
748,2009-03-12,178.53
749,2009-03-13,178.52
750,2009-03-14,178.51
751,2009-03-15,178.5
752,2009-03-16,178.48
753,2009-03-17,178.46
754,2009-03-18,178.43
755,2009-03-19,178.42
756,2009-03-20,178.41
757,2009-03-21,178.4
758,2009-03-22,178.37
759,2009-03-23,178.36
760,2009-03-24,178.36
761,2009-03-25,178.35
762,2009-03-26,178.35
763,2009-03-27,178.34
764,2009-03-28,178.34
765,2009-03-29,178.34
766,2009-03-30,178.33
767,2009-03-31,178.32
768,2009-04-01,178.32
769,2009-04-02,178.31
770,2009-04-03,178.31
771,2009-04-04,178.3
772,2009-04-05,178.29
773,2009-04-06,178.29
774,2009-04-07,178.29
775,2009-04-08,178.28
776,2009-04-09,178.27
777,2009-04-10,178.27
778,2009-04-11,178.27
779,2009-04-12,178.26
780,2009-04-13,178.25
781,2009-04-14,178.25
782,2009-04-15,178.26
783,2009-04-16,178.26
784,2009-04-17,178.27
785,2009-04-18,178.26
786,2009-04-19,178.26
787,2009-04-20,178.26
788,2009-04-21,178.26
789,2009-04-22,178.26
790,2009-04-23,178.25
791,2009-04-24,178.25
792,2009-04-25,178.25
793,2009-04-26,178.24
794,2009-04-27,178.24
795,2009-04-28,178.24
796,2009-04-29,178.25
797,2009-04-30,178.27
798,2009-05-01,178.28
799,2009-05-02,178.27
800,2009-05-03,178.27
801,2009-05-04,178.26
802,2009-05-05,178.26
803,2009-05-06,178.26
804,2009-05-07,178.26
805,2009-05-08,178.26
806,2009-05-09,178.26
807,2009-05-10,178.25
808,2009-05-11,178.26
809,2009-05-12,178.26
810,2009-05-13,178.27
811,2009-05-14,178.29
812,2009-05-15,178.33
813,2009-05-16,178.38
814,2009-05-17,178.47
815,2009-05-18,178.49
816,2009-05-19,178.54
817,2009-05-20,178.56
818,2009-05-21,178.57
819,2009-05-22,178.58
820,2009-05-23,178.58
821,2009-05-24,178.58
822,2009-05-25,178.58
823,2009-05-26,178.58
824,2009-05-27,178.56
825,2009-05-28,178.55
826,2009-05-29,178.54
827,2009-05-30,178.53
828,2009-05-31,178.51
829,2009-06-01,178.48
830,2009-06-02,178.48
831,2009-06-03,178.46
832,2009-06-04,178.44
833,2009-06-05,178.42
834,2009-06-06,178.41
835,2009-06-07,178.4
836,2009-06-08,178.38
837,2009-06-09,178.37
838,2009-06-10,178.37
839,2009-06-11,178.37
840,2009-06-12,178.37
841,2009-06-13,178.39
842,2009-06-14,178.4
843,2009-06-15,178.41
844,2009-06-16,178.52
845,2009-06-17,178.69
846,2009-06-18,178.73
847,2009-06-19,178.77
848,2009-06-20,178.77
849,2009-06-21,178.76
850,2009-06-22,178.75
851,2009-06-23,178.74
852,2009-06-24,178.73
853,2009-06-25,178.71
854,2009-06-26,178.7
855,2009-06-27,178.69
856,2009-06-28,178.67
857,2009-06-29,178.66
858,2009-06-30,178.64
859,2009-07-01,178.64
860,2009-07-02,178.63
861,2009-07-03,178.63
862,2009-07-04,178.62
863,2009-07-05,178.62
864,2009-07-06,178.61
865,2009-07-07,178.61
866,2009-07-08,178.61
867,2009-07-09,178.6
868,2009-07-10,178.6
869,2009-07-11,178.59
870,2009-07-12,178.59
871,2009-07-13,178.58
872,2009-07-14,178.58
873,2009-07-15,178.57
874,2009-07-16,178.56
875,2009-07-17,178.56
876,2009-07-18,178.55
877,2009-07-19,178.55
878,2009-07-20,178.54
879,2009-07-21,178.53
880,2009-07-22,178.53
881,2009-07-23,178.52
882,2009-07-24,178.51
883,2009-07-25,178.51
884,2009-07-26,178.51
885,2009-07-27,178.51
886,2009-07-28,178.5
887,2009-07-29,178.49
888,2009-07-30,178.49
889,2009-07-31,178.48
890,2009-08-01,178.48
891,2009-08-02,178.48
892,2009-08-03,178.47
893,2009-08-04,178.47
894,2009-08-05,178.47
895,2009-08-06,178.47
896,2009-08-07,178.46
897,2009-08-08,178.45
898,2009-08-09,178.44
899,2009-08-10,178.43
900,2009-08-11,178.42
901,2009-08-12,178.41
902,2009-08-13,178.4
903,2009-08-14,178.39
904,2009-08-15,178.38
905,2009-08-16,178.37
906,2009-08-17,178.36
907,2009-08-18,178.35
908,2009-08-19,178.33
909,2009-08-20,178.32
910,2009-08-21,178.31
911,2009-08-22,178.3
912,2009-08-23,178.28
913,2009-08-24,178.27
914,2009-08-25,178.27
915,2009-08-26,178.25
916,2009-08-27,178.24
917,2009-08-28,178.23
918,2009-08-29,178.22
919,2009-08-30,178.21
920,2009-09-01,178.19
921,2009-09-02,178.19
922,2009-09-03,178.18
923,2009-09-04,178.17
924,2009-09-05,178.17
925,2009-09-06,178.17
926,2009-09-07,178.18
927,2009-09-08,178.18
928,2009-09-09,178.18
929,2009-09-10,178.18
930,2009-09-11,178.17
931,2009-09-12,178.16
932,2009-09-13,178.15
933,2009-09-14,178.14
934,2009-09-15,178.14
935,2009-09-16,178.13
936,2009-09-17,178.12
937,2009-09-18,178.11
938,2009-09-19,178.11
939,2009-09-20,178.1
940,2009-09-21,178.1
941,2009-09-22,178.09
942,2009-09-23,178.08
943,2009-09-24,178.08
944,2009-09-25,178.1
945,2009-09-26,178.17
946,2009-09-27,178.18
947,2009-09-28,178.16
948,2009-09-29,178.16
949,2009-09-30,178.21
950,2009-10-01,178.22
951,2009-10-02,178.21
952,2009-10-03,178.18
953,2009-10-04,178.16
954,2009-10-05,178.13
955,2009-10-06,178.12
956,2009-10-07,178.11
957,2009-10-08,178.12
958,2009-10-09,178.11
959,2009-10-10,178.13
960,2009-10-11,178.18
961,2009-10-12,178.23
962,2009-10-13,178.22
963,2009-10-14,178.2
964,2009-10-15,178.17
965,2009-10-16,178.15
966,2009-10-17,178.14
967,2009-10-18,178.13
968,2009-10-19,178.12
969,2009-10-20,178.11
970,2009-10-21,178.1
971,2009-10-22,178.09
972,2009-10-23,178.09
973,2009-10-24,178.09
974,2009-10-25,178.09
975,2009-10-26,178.09
976,2009-10-27,178.1
977,2009-10-28,178.1
978,2009-10-29,178.1
979,2009-10-30,178.1
980,2009-10-31,178.1
981,2009-11-01,178.09
982,2009-11-02,178.09
983,2009-11-03,178.1
984,2009-11-04,178.12
985,2009-11-05,178.15
986,2009-11-06,178.17
987,2009-11-07,178.23
988,2009-11-08,178.33
989,2009-11-09,178.38
990,2009-11-10,178.4
991,2009-11-11,178.39
992,2009-11-12,178.38
993,2009-11-13,178.36
994,2009-11-14,178.34
995,2009-11-15,178.32
996,2009-11-16,178.3
997,2009-11-17,178.29
998,2009-11-18,178.28
999,2009-11-19,178.27
1000,2009-11-20,178.27
1001,2009-11-21,178.26
1002,2009-11-22,178.26
1003,2009-11-23,178.25
1004,2009-11-24,178.24
1005,2009-11-25,178.24
1006,2009-11-26,178.24
1007,2009-11-27,178.25
1008,2009-11-28,178.26
1009,2009-11-29,178.26
1010,2009-11-30,178.27
1011,2009-12-01,178.28
1012,2009-12-02,178.29
1013,2009-12-03,178.3
1014,2009-12-04,178.31
1015,2009-12-05,178.3
1016,2009-12-06,178.31
1017,2009-12-07,178.31
1018,2009-12-08,178.31
1019,2009-12-09,178.3
1020,2009-12-10,178.3
1021,2009-12-11,178.3
1022,2009-12-12,178.3
1023,2009-12-13,178.3
1024,2009-12-14,178.32
1025,2009-12-15,178.39
1026,2009-12-16,178.42
1027,2009-12-17,178.41
1028,2009-12-18,178.39
1029,2009-12-19,178.37
1030,2009-12-20,178.36
1031,2009-12-21,178.35
1032,2009-12-22,178.33
1033,2009-12-23,178.33
1034,2009-12-24,178.33
1035,2009-12-25,178.35
1036,2009-12-26,178.35
1037,2009-12-27,178.36
1038,2009-12-28,178.38
1039,2009-12-29,178.39
1040,2009-12-30,178.41
1041,2009-12-31,178.45
1042,2010-01-01,178.48
1043,2010-01-02,178.53
1044,2010-01-03,178.54
1045,2010-01-04,178.56
1046,2010-01-05,178.57
1047,2010-01-06,178.57
1048,2010-01-07,178.58
1049,2010-01-08,178.6
1050,2010-01-09,178.6
1051,2010-01-10,178.6
1052,2010-01-11,178.78
1053,2010-01-12,178.73
1054,2010-01-13,178.7
1055,2010-01-14,178.68
1056,2010-01-15,178.65
1057,2010-01-16,178.64
1058,2010-01-17,178.62
1059,2010-01-18,178.62
1060,2010-01-19,178.61
1061,2010-01-20,178.61
1062,2010-01-21,178.61
1063,2010-01-22,178.6
1064,2010-01-23,178.6
1065,2010-01-24,178.58
1066,2010-01-25,178.57
1067,2010-01-26,178.57
1068,2010-01-27,178.56
1069,2010-01-28,178.54
1070,2010-01-29,178.54
1071,2010-01-30,178.56
1072,2010-01-31,178.57
1073,2010-02-01,178.57
1074,2010-02-02,178.56
1075,2010-02-03,178.54
1076,2010-02-04,178.56
1077,2010-02-05,178.57
1078,2010-02-06,178.6
1079,2010-02-07,178.61
1080,2010-02-08,178.64
1081,2010-02-09,178.65
1082,2010-02-10,178.65
1083,2010-02-11,178.66
1084,2010-02-12,178.68
1085,2010-02-13,178.69
1086,2010-02-14,178.69
1087,2010-02-15,178.7
1088,2010-02-16,178.72
1089,2010-02-17,178.73
1090,2010-02-18,178.73
1091,2010-02-19,178.74
1092,2010-02-20,178.75
1093,2010-02-21,178.77
1094,2010-02-22,178.78
1095,2010-02-23,178.78
1096,2010-02-24,178.79
1097,2010-02-25,178.79
1098,2010-02-26,178.79
1099,2010-02-27,178.79
1100,2010-02-28,178.79
1101,2010-03-01,178.81
1102,2010-03-02,178.81
1103,2010-03-03,178.81
1104,2010-03-04,178.81
1105,2010-03-05,178.81
1106,2010-03-06,178.81
1107,2010-03-07,178.82
1108,2010-03-08,178.81
1109,2010-03-09,178.82
1110,2010-03-10,178.82
1111,2010-03-11,178.82
1112,2010-03-12,178.82
1113,2010-03-13,178.82
1114,2010-03-14,178.82
1115,2010-03-15,178.82
1116,2010-03-16,178.82
1117,2010-03-17,178.82
1118,2010-03-18,178.82
1119,2010-03-19,178.82
1120,2010-03-20,178.82
1121,2010-03-21,178.82
1122,2010-03-22,178.82
1123,2010-03-23,178.82
1124,2010-03-24,178.82
1125,2010-03-25,178.82
1126,2010-03-26,178.82
1127,2010-03-27,178.82
1128,2010-03-28,178.82
1129,2010-03-29,178.82
1130,2010-03-30,178.82
1131,2010-03-31,178.82
1132,2010-04-01,178.83
1133,2010-04-02,178.83
1134,2010-04-03,178.83
1135,2010-04-04,178.83
1136,2010-04-05,178.82
1137,2010-04-06,178.82
1138,2010-04-07,178.82
1139,2010-04-08,178.82
1140,2010-04-09,178.82
1141,2010-04-10,178.81
1142,2010-04-11,178.81
1143,2010-04-12,178.81
1144,2010-04-13,178.79
1145,2010-04-14,178.79
1146,2010-04-15,178.79
1147,2010-04-16,178.79
1148,2010-04-17,178.78
1149,2010-04-18,178.78
1150,2010-04-19,178.78
1151,2010-04-20,178.78
1152,2010-04-21,178.78
1153,2010-04-22,178.78
1154,2010-04-23,178.78
1155,2010-04-24,178.78
1156,2010-04-25,178.77
1157,2010-04-26,178.77
1158,2010-04-27,178.74
1159,2010-04-28,178.73
1160,2010-04-29,178.73
1161,2010-04-30,178.73
1162,2010-05-01,178.73
1163,2010-05-02,178.73
1164,2010-05-03,178.73
1165,2010-05-04,178.73
1166,2010-05-05,178.72
1167,2010-05-06,178.72
1168,2010-05-07,178.72
1169,2010-05-08,178.7
1170,2010-05-09,178.7
1171,2010-05-10,178.7
1172,2010-05-11,178.69
1173,2010-05-12,178.69
1174,2010-05-13,178.69
1175,2010-05-14,178.69
1176,2010-05-15,178.68
1177,2010-05-16,178.66
1178,2010-05-17,178.66
1179,2010-05-18,178.65
1180,2010-05-19,178.65
1181,2010-05-20,178.64
1182,2010-05-21,178.64
1183,2010-05-22,178.62
1184,2010-05-23,178.62
1185,2010-05-24,178.61
1186,2010-05-25,178.61
1187,2010-05-26,178.61
1188,2010-05-27,178.61
1189,2010-05-28,178.61
1190,2010-05-29,178.61
1191,2010-05-30,178.6
1192,2010-05-31,178.6
1193,2010-06-01,178.58
1194,2010-06-02,178.58
1195,2010-06-03,178.57
1196,2010-06-04,178.57
1197,2010-06-05,178.57
1198,2010-06-06,178.56
1199,2010-06-07,178.56
1200,2010-06-08,178.54
1201,2010-06-09,178.54
1202,2010-06-10,178.54
1203,2010-06-11,178.53
1204,2010-06-12,178.53
1205,2010-06-13,178.52
1206,2010-06-14,178.52
1207,2010-06-15,178.5
1208,2010-06-16,178.49
1209,2010-06-17,178.48
1210,2010-06-18,178.48
1211,2010-06-19,178.47
1212,2010-06-20,178.45
1213,2010-06-21,178.44
1214,2010-06-22,178.44
1215,2010-06-23,178.43
1216,2010-06-24,178.41
1217,2010-06-25,178.41
1218,2010-06-26,178.4
1219,2010-06-27,178.4
1220,2010-06-28,178.39
1221,2010-06-29,178.37
1222,2010-06-30,178.36
1223,2010-07-01,178.36
1224,2010-07-02,178.36
1225,2010-07-03,178.35
1226,2010-07-04,178.33
1227,2010-07-05,178.32
1228,2010-07-06,178.32
1229,2010-07-07,178.32
1230,2010-07-08,178.31
1231,2010-07-09,178.29
1232,2010-07-10,178.28
1233,2010-07-11,178.28
1234,2010-07-12,178.27
1235,2010-07-13,178.25
1236,2010-07-14,178.24
1237,2010-07-15,178.23
1238,2010-07-16,178.23
1239,2010-07-17,178.23
1240,2010-07-18,178.23
1241,2010-07-19,178.23
1242,2010-07-20,178.22
1243,2010-07-21,178.2
1244,2010-07-22,178.2
1245,2010-07-23,178.19
1246,2010-07-24,178.19
1247,2010-07-25,178.19
1248,2010-07-26,178.18
1249,2010-07-27,178.16
1250,2010-07-28,178.16
1251,2010-07-29,178.16
1252,2010-07-30,178.15
1253,2010-07-31,178.15
1254,2010-08-01,178.15
1255,2010-08-02,178.14
1256,2010-08-03,178.14
1257,2010-08-04,178.12
1258,2010-08-05,178.12
1259,2010-08-06,178.11
1260,2010-08-07,178.11
1261,2010-08-08,178.11
1262,2010-08-09,178.11
1263,2010-08-10,178.11
1264,2010-08-11,178.1
1265,2010-08-12,178.1
1266,2010-08-13,178.1
1267,2010-08-14,178.08
1268,2010-08-15,178.08
1269,2010-08-16,178.11
1270,2010-08-17,178.45
1271,2010-08-18,178.73
1272,2010-08-19,178.78
1273,2010-08-20,178.75
1274,2010-08-21,178.73
1275,2010-08-22,178.7
1276,2010-08-23,178.66
1277,2010-08-24,178.65
1278,2010-08-25,178.61
1279,2010-08-26,178.58
1280,2010-08-27,178.56
1281,2010-08-28,178.54
1282,2010-08-29,178.53
1283,2010-08-30,178.54
1284,2010-08-31,178.53
1285,2010-09-01,178.53
1286,2010-09-02,178.52
1287,2010-09-03,178.52
1288,2010-09-04,178.5
1289,2010-09-05,178.49
1290,2010-09-06,178.48
1291,2010-09-07,178.48
1292,2010-09-08,178.47
1293,2010-09-09,178.44
1294,2010-09-10,178.44
1295,2010-09-11,178.44
1296,2010-09-12,178.44
1297,2010-09-13,178.44
1298,2010-09-14,178.43
1299,2010-09-15,178.43
1300,2010-09-16,178.41
1301,2010-09-17,178.41
1302,2010-09-18,178.4
1303,2010-09-19,178.4
1304,2010-09-20,178.39
1305,2010-09-21,178.37
1306,2010-09-22,178.32
1307,2010-09-23,178.32
1308,2010-09-24,178.32
1309,2010-09-25,178.32
1310,2010-09-26,178.31
1311,2010-09-27,178.32
1312,2010-09-28,178.31
1313,2010-09-29,178.31
1314,2010-09-30,178.31
1315,2010-10-01,178.29
1316,2010-10-02,178.28
1317,2010-10-03,178.28
1318,2010-10-04,178.28
1319,2010-10-05,178.28
1320,2010-10-06,178.28
1321,2010-10-07,178.27
1322,2010-10-08,178.27
1323,2010-10-09,178.25
1324,2010-10-10,178.25
1325,2010-10-11,178.23
1326,2010-10-12,178.23
1327,2010-10-13,178.23
1328,2010-10-14,178.22
1329,2010-10-15,178.2
1330,2010-10-16,178.2
1331,2010-10-17,178.19
1332,2010-10-18,178.19
1333,2010-10-19,178.18
1334,2010-10-20,178.18
1335,2010-10-21,178.16
1336,2010-10-22,178.15
1337,2010-10-23,178.15
1338,2010-10-24,178.15
1339,2010-10-25,178.14
1340,2010-10-26,178.11
1341,2010-10-27,178.11
1342,2010-10-28,178.11
1343,2010-10-29,178.11
1344,2010-10-30,178.11
1345,2010-10-31,178.11
1346,2010-11-01,178.1
1347,2010-11-02,178.1
1348,2010-11-03,178.1
1349,2010-11-04,178.08
1350,2010-11-05,178.08
1351,2010-11-06,178.07
1352,2010-11-07,178.07
1353,2010-11-08,178.1
1354,2010-11-09,178.11
1355,2010-11-10,178.15
1356,2010-11-11,178.16
1357,2010-11-12,178.2
1358,2010-11-13,178.24
1359,2010-11-14,178.29
1360,2010-11-15,178.35
1361,2010-11-16,178.36
1362,2010-11-17,178.39
1363,2010-11-18,178.4
1364,2010-11-19,178.4
1365,2010-11-20,178.41
1366,2010-11-21,178.41
1367,2010-11-22,178.4
1368,2010-11-23,178.4
1369,2010-11-24,178.37
1370,2010-11-25,178.36
1371,2010-11-26,178.35
1372,2010-11-27,178.33
1373,2010-11-28,178.32
1374,2010-11-29,178.31
1375,2010-11-30,178.29
1376,2010-12-01,178.28
1377,2010-12-02,178.28
1378,2010-12-03,178.27
1379,2010-12-04,178.25
1380,2010-12-05,178.25
1381,2010-12-06,178.24
1382,2010-12-07,178.24
1383,2010-12-08,178.23
1384,2010-12-09,178.23
1385,2010-12-10,178.24
1386,2010-12-11,178.28
1387,2010-12-12,178.29
1388,2010-12-13,178.32
1389,2010-12-14,178.36
1390,2010-12-15,178.37
1391,2010-12-16,178.4
1392,2010-12-17,178.43
1393,2010-12-18,178.45
1394,2010-12-19,178.48
1395,2010-12-20,178.53
1396,2010-12-21,178.54
1397,2010-12-22,178.58
1398,2010-12-23,178.62
1399,2010-12-24,178.69
1400,2010-12-25,178.82
1401,2010-12-26,178.83
1402,2010-12-27,178.86
1403,2010-12-28,178.86
1404,2010-12-29,178.86
1405,2010-12-30,178.86
1406,2010-12-31,178.86
1407,2011-01-01,178.86
1408,2011-01-02,178.86
1409,2011-01-03,178.83
1410,2011-01-04,178.82
1411,2011-01-05,178.82
1412,2011-01-06,178.82
1413,2011-01-07,178.82
1414,2011-01-08,178.86
1415,2011-01-09,178.9
1416,2011-01-10,178.97
1417,2011-01-11,178.98
1418,2011-01-12,179.0
1419,2011-01-13,179.02
1420,2011-01-14,179.02
1421,2011-01-15,179.02
1422,2011-01-16,179.0
1423,2011-01-17,178.99
1424,2011-01-18,178.98
1425,2011-01-19,178.98
1426,2011-01-20,178.97
1427,2011-01-21,178.97
1428,2011-01-22,178.95
1429,2011-01-23,178.94
1430,2011-01-24,178.94
1431,2011-01-25,178.94
1432,2011-01-26,178.94
1433,2011-01-27,178.94
1434,2011-01-28,178.93
1435,2011-01-29,178.93
1436,2011-01-30,178.93
1437,2011-01-31,178.91
1438,2011-02-01,178.9
1439,2011-02-02,178.9
1440,2011-02-03,178.89
1441,2011-02-04,178.9
1442,2011-02-05,178.9
1443,2011-02-06,178.9
1444,2011-02-07,178.89
1445,2011-02-08,178.87
1446,2011-02-09,178.86
1447,2011-02-10,178.86
1448,2011-02-11,178.86
1449,2011-02-12,178.85
1450,2011-02-13,178.85
1451,2011-02-14,178.83
1452,2011-02-15,178.83
1453,2011-02-16,178.83
1454,2011-02-17,178.82
1455,2011-02-18,178.82
1456,2011-02-19,178.81
1457,2011-02-20,178.81
1458,2011-02-21,178.81
1459,2011-02-22,178.79
1460,2011-02-23,178.78
1461,2011-02-24,178.78
1462,2011-02-25,178.78
1463,2011-02-26,178.78
1464,2011-02-27,178.78
1465,2011-02-28,178.77
1466,2011-03-01,178.75
1467,2011-03-02,178.75
1468,2011-03-03,178.75
1469,2011-03-04,178.74
1470,2011-03-05,178.74
1471,2011-03-06,178.74
1472,2011-03-07,178.73
1473,2011-03-08,178.73
1474,2011-03-09,178.73
1475,2011-03-10,178.73
1476,2011-03-11,178.73
1477,2011-03-12,178.73
1478,2011-03-13,178.73
1479,2011-03-14,178.72
1480,2011-03-15,178.72
1481,2011-03-16,178.72
1482,2011-03-17,178.72
1483,2011-03-18,178.7
1484,2011-03-19,178.7
1485,2011-03-20,178.69
1486,2011-03-21,178.69
1487,2011-03-22,178.68
1488,2011-03-23,178.66
1489,2011-03-24,178.66
1490,2011-03-25,178.65
1491,2011-03-26,178.65
1492,2011-03-27,178.65
1493,2011-03-28,178.65
1494,2011-03-29,178.65
1495,2011-03-30,178.65
1496,2011-03-31,178.64
1497,2011-04-01,178.64
1498,2011-04-02,178.64
1499,2011-04-03,178.62
1500,2011-04-04,178.62
1501,2011-04-05,178.61
1502,2011-04-06,178.61
1503,2011-04-07,178.61
1504,2011-04-08,178.61
1505,2011-04-09,178.61
1506,2011-04-10,178.6
1507,2011-04-11,178.6
1508,2011-04-12,178.6
1509,2011-04-13,178.58
1510,2011-04-14,178.58
1511,2011-04-15,178.58
1512,2011-04-16,178.57
1513,2011-04-17,178.57
1514,2011-04-18,178.57
1515,2011-04-19,178.57
1516,2011-04-20,178.57
1517,2011-04-21,178.56
1518,2011-04-22,178.56
1519,2011-04-23,178.56
1520,2011-04-24,178.54
1521,2011-04-25,178.54
1522,2011-04-26,178.54
1523,2011-04-27,178.53
1524,2011-04-28,178.53
1525,2011-04-29,178.53
1526,2011-04-30,178.52
1527,2011-05-01,178.52
1528,2011-05-02,178.5
1529,2011-05-03,178.49
1530,2011-05-04,178.48
1531,2011-05-05,178.48
1532,2011-05-06,178.48
1533,2011-05-07,178.47
1534,2011-05-08,178.45
1535,2011-05-09,178.44
1536,2011-05-10,178.44
1537,2011-05-11,178.43
1538,2011-05-12,178.41
1539,2011-05-13,178.4
1540,2011-05-14,178.4
1541,2011-05-15,178.39
1542,2011-05-16,178.37
1543,2011-05-17,178.36
1544,2011-05-18,178.36
1545,2011-05-19,178.36
1546,2011-05-20,178.35
1547,2011-05-21,178.33
1548,2011-05-22,178.32
1549,2011-05-23,178.32
1550,2011-05-24,178.32
1551,2011-05-25,178.31
1552,2011-05-26,178.29
1553,2011-05-27,178.28
1554,2011-05-28,178.28
1555,2011-05-29,178.28
1556,2011-05-30,178.25
1557,2011-05-31,178.25
1558,2011-06-01,178.24
1559,2011-06-02,178.24
1560,2011-06-03,178.23
1561,2011-06-04,178.43
1562,2011-06-05,178.6
1563,2011-06-06,178.57
1564,2011-06-07,178.5
1565,2011-06-08,178.44
1566,2011-06-09,178.37
1567,2011-06-10,178.33
1568,2011-06-11,178.29
1569,2011-06-12,178.28
1570,2011-06-13,178.25
1571,2011-06-14,178.24
1572,2011-06-15,178.23
1573,2011-06-16,178.24
1574,2011-06-17,178.25
1575,2011-06-18,178.25
1576,2011-06-19,178.25
1577,2011-06-20,178.24
1578,2011-06-21,178.24
1579,2011-06-22,178.23
1580,2011-06-23,178.23
1581,2011-06-24,178.23
1582,2011-06-25,178.23
1583,2011-06-26,178.24
1584,2011-06-27,178.25
1585,2011-06-28,178.25
1586,2011-06-29,178.27
1587,2011-06-30,178.28
1588,2011-07-01,178.28
1589,2011-07-02,178.29
1590,2011-07-03,178.29
1591,2011-07-04,178.28
1592,2011-07-05,178.28
1593,2011-07-06,178.28
1594,2011-07-07,178.28
1595,2011-07-08,178.27
1596,2011-07-09,178.25
1597,2011-07-10,178.24
1598,2011-07-11,178.24
1599,2011-07-12,178.23
1600,2011-07-13,178.22
1601,2011-07-14,178.2
1602,2011-07-15,178.19
1603,2011-07-16,178.19
1604,2011-07-17,178.19
1605,2011-07-18,178.19
1606,2011-07-19,178.19
1607,2011-07-20,178.19
1608,2011-07-21,178.23
1609,2011-07-22,178.28
1610,2011-07-23,178.32
1611,2011-07-24,178.35
1612,2011-07-25,178.36
1613,2011-07-26,178.37
1614,2011-07-27,178.37
1615,2011-07-28,178.37
1616,2011-07-29,178.36
1617,2011-07-30,178.36
1618,2011-07-31,178.35
1619,2011-08-01,178.32
1620,2011-08-02,178.32
1621,2011-08-03,178.32
1622,2011-08-04,178.31
1623,2011-08-05,178.29
1624,2011-08-06,178.28
1625,2011-08-07,178.28
1626,2011-08-08,178.27
1627,2011-08-09,178.27
1628,2011-08-10,178.25
1629,2011-08-11,178.25
1630,2011-08-12,178.25
1631,2011-08-13,178.25
1632,2011-08-14,178.24
1633,2011-08-15,178.23
1634,2011-08-16,178.23
1635,2011-08-17,178.23
1636,2011-08-18,178.22
1637,2011-08-19,178.22
1638,2011-08-20,178.2
1639,2011-08-21,178.2
1640,2011-08-22,178.19
1641,2011-08-23,178.19
1642,2011-08-24,178.18
1643,2011-08-25,178.16
1644,2011-08-26,178.16
1645,2011-08-27,178.15
1646,2011-08-28,178.15
1647,2011-08-29,178.15
1648,2011-08-30,178.15
1649,2011-08-31,178.14
1650,2011-09-01,178.12
1651,2011-09-02,178.12
1652,2011-09-03,178.11
1653,2011-09-04,178.11
1654,2011-09-05,178.1
1655,2011-09-06,178.1
1656,2011-09-07,178.08
1657,2011-09-08,178.07
1658,2011-09-09,178.07
1659,2011-09-10,178.07
1660,2011-09-11,178.07
1661,2011-09-12,178.06
1662,2011-09-13,178.06
1663,2011-09-14,178.04
1664,2011-09-15,178.04
1665,2011-09-16,178.04
1666,2011-09-17,178.03
1667,2011-09-18,178.03
1668,2011-09-19,178.03
1669,2011-09-20,178.03
1670,2011-09-21,178.03
1671,2011-09-22,178.03
1672,2011-09-23,178.03
1673,2011-09-24,178.02
1674,2011-09-25,178.02
1675,2011-09-26,178.02
1676,2011-09-27,178.02
1677,2011-09-28,178.02
1678,2011-09-29,178.02
1679,2011-09-30,178.02
1680,2011-10-01,178.0
1681,2011-10-02,178.0
1682,2011-10-03,178.0
1683,2011-10-04,178.0
1684,2011-10-05,178.0
1685,2011-10-06,178.0
1686,2011-10-07,177.99
1687,2011-10-08,177.99
1688,2011-10-09,177.99
1689,2011-10-10,177.99
1690,2011-10-11,177.99
1691,2011-10-12,177.99
1692,2011-10-13,177.98
1693,2011-10-14,177.99
1694,2011-10-15,177.99
1695,2011-10-16,177.99
1696,2011-10-17,177.98
1697,2011-10-18,177.98
1698,2011-10-19,177.98
1699,2011-10-20,177.98
1700,2011-10-21,177.98
1701,2011-10-22,177.98
1702,2011-10-23,177.98
1703,2011-10-24,177.98
1704,2011-10-25,177.98
1705,2011-10-26,177.98
1706,2011-10-27,177.98
1707,2011-10-28,177.98
1708,2011-10-29,177.98
1709,2011-10-30,177.98
1710,2011-10-31,177.99
1711,2011-11-01,177.99
1712,2011-11-02,178.0
1713,2011-11-03,178.0
1714,2011-11-04,178.0
1715,2011-11-05,178.0
1716,2011-11-06,177.99
1717,2011-11-07,177.99
1718,2011-11-08,177.98
1719,2011-11-09,177.98
1720,2011-11-10,177.98
1721,2011-11-11,177.98
1722,2011-11-12,177.98
1723,2011-11-13,177.97
1724,2011-11-14,177.97
1725,2011-11-15,177.97
1726,2011-11-16,177.97
1727,2011-11-17,177.97
1728,2011-11-18,177.97
1729,2011-11-19,177.95
1730,2011-11-20,177.95
1731,2011-11-21,177.95
1732,2011-11-22,177.94
1733,2011-11-23,177.94
1734,2011-11-24,177.94
1735,2011-11-25,177.94
1736,2011-11-26,177.94
1737,2011-11-27,177.94
1738,2011-11-28,177.93
1739,2011-11-29,177.93
1740,2011-11-30,177.93
1741,2011-12-01,177.91
1742,2011-12-02,177.91
1743,2011-12-03,177.91
1744,2011-12-04,177.91
1745,2011-12-05,177.94
1746,2011-12-06,177.95
1747,2011-12-07,177.97
1748,2011-12-08,177.98
1749,2011-12-09,177.99
1750,2011-12-10,178.0
1751,2011-12-11,178.02
1752,2011-12-12,178.03
1753,2011-12-13,178.03
1754,2011-12-14,178.06
1755,2011-12-15,178.07
1756,2011-12-16,178.16
1757,2011-12-17,178.53
1758,2011-12-18,178.66
1759,2011-12-19,178.73
1760,2011-12-20,178.74
1761,2011-12-21,178.74
1762,2011-12-22,178.74
1763,2011-12-23,178.73
1764,2011-12-24,178.73
1765,2011-12-25,178.72
1766,2011-12-26,178.7
1767,2011-12-27,178.69
1768,2011-12-28,178.69
1769,2011-12-29,178.69
1770,2011-12-30,178.66
1771,2011-12-31,178.65
1772,2012-01-01,178.66
1773,2012-01-02,178.66
1774,2012-01-03,178.69
1775,2012-01-04,178.69
1776,2012-01-05,178.73
1777,2012-01-06,178.73
1778,2012-01-07,178.75
1779,2012-01-08,178.75
1780,2012-01-09,178.75
1781,2012-01-10,178.75
1782,2012-01-11,178.74
1783,2012-01-12,178.73
1784,2012-01-13,178.73
1785,2012-01-14,178.73
1786,2012-01-15,178.7
1787,2012-01-16,178.69
1788,2012-01-17,178.69
1789,2012-01-18,178.69
1790,2012-01-19,178.66
1791,2012-01-20,178.65
1792,2012-01-21,178.65
1793,2012-01-22,178.65
1794,2012-01-23,178.62
1795,2012-01-24,178.61
1796,2012-01-25,178.61
1797,2012-01-26,178.61
1798,2012-01-27,178.61
1799,2012-01-28,178.61
1800,2012-01-29,178.58
1801,2012-01-30,178.58
1802,2012-01-31,178.57
1803,2012-02-01,178.57
1804,2012-02-02,178.57
1805,2012-02-03,178.57
1806,2012-02-04,178.57
1807,2012-02-05,178.54
1808,2012-02-06,178.54
1809,2012-02-07,178.53
1810,2012-02-08,178.53
1811,2012-02-09,178.53
1812,2012-02-10,178.53
1813,2012-02-11,178.5
1814,2012-02-12,178.49
1815,2012-02-13,178.49
1816,2012-02-14,178.48
1817,2012-02-15,178.48
1818,2012-02-16,178.48
1819,2012-02-17,178.45
1820,2012-02-18,178.44
1821,2012-02-19,178.44
1822,2012-02-20,178.44
1823,2012-02-21,178.44
1824,2012-02-22,178.44
1825,2012-02-23,178.44
1826,2012-02-24,178.41
1827,2012-02-25,178.4
1828,2012-02-26,178.4
1829,2012-02-27,178.4
1830,2012-02-28,178.37
1831,2012-02-29,178.36
1832,2012-03-01,178.36
1833,2012-03-02,178.36
1834,2012-03-03,178.36
1835,2012-03-04,178.36
1836,2012-03-05,178.33
1837,2012-03-06,178.33
1838,2012-03-07,178.32
1839,2012-03-08,178.32
1840,2012-03-09,178.32
1841,2012-03-10,178.32
1842,2012-03-11,178.32
1843,2012-03-12,178.32
1844,2012-03-13,178.32
1845,2012-03-14,178.32
1846,2012-03-15,178.32
1847,2012-03-16,178.32
1848,2012-03-17,178.32
1849,2012-03-18,178.32
1850,2012-03-19,178.32
1851,2012-03-20,178.32
1852,2012-03-21,178.32
1853,2012-03-22,178.32
1854,2012-03-23,178.32
1855,2012-03-24,178.32
1856,2012-03-25,178.32
1857,2012-03-26,178.29
1858,2012-03-27,178.29
1859,2012-03-28,178.28
1860,2012-03-29,178.28
1861,2012-03-30,178.28
1862,2012-03-31,178.28
1863,2012-04-01,178.28
1864,2012-04-02,178.28
1865,2012-04-03,178.28
1866,2012-04-04,178.28
1867,2012-04-05,178.28
1868,2012-04-06,178.25
1869,2012-04-07,178.25
1870,2012-04-08,178.24
1871,2012-04-09,178.24
1872,2012-04-10,178.25
1873,2012-04-11,178.25
1874,2012-04-12,178.25
1875,2012-04-13,178.25
1876,2012-04-14,178.25
1877,2012-04-15,178.25
1878,2012-04-16,178.24
1879,2012-04-17,178.23
1880,2012-04-18,178.24
1881,2012-04-19,178.24
1882,2012-04-20,178.25
1883,2012-04-21,178.25
1884,2012-04-22,178.28
1885,2012-04-23,178.28
1886,2012-04-24,178.29
1887,2012-04-25,178.32
1888,2012-04-26,178.36
1889,2012-04-27,178.4
1890,2012-04-28,178.41
1891,2012-04-29,178.48
1892,2012-04-30,178.53
1893,2012-05-01,178.57
1894,2012-05-02,178.61
1895,2012-05-03,178.65
1896,2012-05-04,178.65
1897,2012-05-05,178.69
1898,2012-05-06,178.7
1899,2012-05-07,178.73
1900,2012-05-08,178.75
1901,2012-05-09,178.75
1902,2012-05-10,178.75
1903,2012-05-11,178.74
1904,2012-05-12,178.73
1905,2012-05-13,178.73
1906,2012-05-14,178.73
1907,2012-05-15,178.73
1908,2012-05-16,178.7
1909,2012-05-17,178.69
1910,2012-05-18,178.69
1911,2012-05-19,178.69
1912,2012-05-20,178.69
1913,2012-05-21,178.7
1914,2012-05-22,178.74
1915,2012-05-23,178.78
1916,2012-05-24,178.78
1917,2012-05-25,178.78
1918,2012-05-26,178.75
1919,2012-05-27,178.75
1920,2012-05-28,178.78
1921,2012-05-29,178.78
1922,2012-05-30,178.78
1923,2012-05-31,178.78
1924,2012-06-01,178.78
1925,2012-06-02,178.78
1926,2012-06-03,178.78
1927,2012-06-04,178.78
1928,2012-06-05,178.75
1929,2012-06-06,178.75
1930,2012-06-07,178.75
1931,2012-06-08,178.74
1932,2012-06-09,178.73
1933,2012-06-10,178.73
1934,2012-06-11,178.73
1935,2012-06-12,178.73
1936,2012-06-13,178.73
1937,2012-06-14,178.7
1938,2012-06-15,178.7
1939,2012-06-16,178.69
1940,2012-06-17,178.69
1941,2012-06-18,178.7
1942,2012-06-19,178.73
1943,2012-06-20,178.73
1944,2012-06-21,178.74
1945,2012-06-22,178.75
1946,2012-06-23,178.75
1947,2012-06-24,178.78
1948,2012-06-25,178.78
1949,2012-06-26,178.78
1950,2012-06-27,178.78
1951,2012-06-28,178.78
1952,2012-06-29,178.78
1953,2012-06-30,178.78
1954,2012-07-01,178.75
1955,2012-07-02,178.75
1956,2012-07-03,178.74
1957,2012-07-04,178.74
1958,2012-07-05,178.73
1959,2012-07-06,178.73
1960,2012-07-07,178.73
1961,2012-07-08,178.73
1962,2012-07-09,178.74
1963,2012-07-10,178.75
1964,2012-07-11,178.75
1965,2012-07-12,178.75
1966,2012-07-13,178.75
1967,2012-07-14,178.78
1968,2012-07-15,178.78
1969,2012-07-16,178.78
1970,2012-07-17,178.78
1971,2012-07-18,178.78
1972,2012-07-19,178.78
1973,2012-07-20,178.78
1974,2012-07-21,178.78
1975,2012-07-22,178.78
1976,2012-07-23,178.75
1977,2012-07-24,178.74
1978,2012-07-25,178.74
1979,2012-07-26,178.73
1980,2012-07-27,178.73
1981,2012-07-28,178.73
1982,2012-07-29,178.73
1983,2012-07-30,178.7
1984,2012-07-31,178.7
1985,2012-08-01,178.69
1986,2012-08-02,178.69
1987,2012-08-03,178.69
1988,2012-08-04,178.66
1989,2012-08-05,178.65
1990,2012-08-06,178.65
1991,2012-08-07,178.65
1992,2012-08-08,178.62
1993,2012-08-09,178.62
1994,2012-08-10,178.61
1995,2012-08-11,178.61
1996,2012-08-12,178.61
1997,2012-08-13,178.61
1998,2012-08-14,178.58
1999,2012-08-15,178.57
2000,2012-08-16,178.57
2001,2012-08-17,178.57
2002,2012-08-18,178.57
2003,2012-08-19,178.57
2004,2012-08-20,178.57
2005,2012-08-21,178.54
2006,2012-08-22,178.54
2007,2012-08-23,178.53
2008,2012-08-24,178.53
2009,2012-08-25,178.53
2010,2012-08-26,178.53
2011,2012-08-27,178.5
2012,2012-08-28,178.5
2013,2012-08-29,178.49
2014,2012-08-30,178.48
2015,2012-08-31,178.48
2016,2012-09-01,178.48
2017,2012-09-02,178.45
2018,2012-09-03,178.45
2019,2012-09-04,178.45
2020,2012-09-05,178.44
2021,2012-09-06,178.44
2022,2012-09-07,178.41
2023,2012-09-08,178.4
2024,2012-09-09,178.4
2025,2012-09-10,178.4
2026,2012-09-11,178.4
2027,2012-09-12,178.37
2028,2012-09-13,178.36
2029,2012-09-14,178.36
2030,2012-09-15,178.36
2031,2012-09-16,178.36
2032,2012-09-17,178.36
2033,2012-09-18,178.33
2034,2012-09-19,178.32
2035,2012-09-20,178.32
2036,2012-09-21,178.32
2037,2012-09-22,178.29
2038,2012-09-23,178.28
2039,2012-09-24,178.29
2040,2012-09-25,178.28
2041,2012-09-26,178.28
2042,2012-09-27,178.29
2043,2012-09-28,178.29
2044,2012-09-29,178.29
2045,2012-09-30,178.29
2046,2012-10-01,178.29
2047,2012-10-02,178.29
2048,2012-10-03,178.28
2049,2012-10-04,178.28
2050,2012-10-05,178.28
2051,2012-10-06,178.28
2052,2012-10-07,178.28
2053,2012-10-08,178.28
2054,2012-10-09,178.32
2055,2012-10-10,178.32
2056,2012-10-11,178.32
2057,2012-10-12,178.32
2058,2012-10-13,178.32
2059,2012-10-14,178.33
2060,2012-10-15,178.4
2061,2012-10-16,178.48
2062,2012-10-17,178.5
2063,2012-10-18,178.53
2064,2012-10-19,178.53
2065,2012-10-20,178.53
2066,2012-10-21,178.53
2067,2012-10-22,178.5
2068,2012-10-23,178.49
2069,2012-10-24,178.49
2070,2012-10-25,178.48
2071,2012-10-26,178.48
2072,2012-10-27,178.47
2073,2012-10-28,178.44
2074,2012-10-29,178.43
2075,2012-10-30,178.43
2076,2012-10-31,178.41
2077,2012-11-01,178.4
2078,2012-11-02,178.4
2079,2012-11-03,178.39
2080,2012-11-04,178.4
2081,2012-11-05,178.43
2082,2012-11-06,178.44
2083,2012-11-07,178.45
2084,2012-11-08,178.47
2085,2012-11-09,178.47
2086,2012-11-10,178.48
2087,2012-11-11,178.48
2088,2012-11-12,178.47
2089,2012-11-13,178.45
2090,2012-11-14,178.47
2091,2012-11-15,178.47
2092,2012-11-16,178.45
2093,2012-11-17,178.45
2094,2012-11-18,178.44
2095,2012-11-19,178.44
2096,2012-11-20,178.44
2097,2012-11-21,178.43
2098,2012-11-22,178.41
2099,2012-11-23,178.4
2100,2012-11-24,178.4
2101,2012-11-25,178.39
2102,2012-11-26,178.37
2103,2012-11-27,178.37
2104,2012-11-28,178.36
2105,2012-11-29,178.36
2106,2012-11-30,178.35
2107,2012-12-01,178.33
2108,2012-12-02,178.33
2109,2012-12-03,178.32
2110,2012-12-04,178.33
2111,2012-12-05,178.36
2112,2012-12-06,178.36
2113,2012-12-07,178.37
2114,2012-12-08,178.4
2115,2012-12-09,178.4
2116,2012-12-10,178.44
2117,2012-12-11,178.45
2118,2012-12-12,178.48
2119,2012-12-13,178.48
2120,2012-12-14,178.48
2121,2012-12-15,178.53
2122,2012-12-16,178.57
2123,2012-12-17,178.58
2124,2012-12-18,178.61
2125,2012-12-19,178.61
2126,2012-12-20,178.62
2127,2012-12-21,178.65
2128,2012-12-22,178.66
2129,2012-12-23,178.78
2130,2012-12-24,178.82
2131,2012-12-25,178.82
2132,2012-12-26,178.82
2133,2012-12-27,178.83
2134,2012-12-28,178.83
2135,2012-12-29,178.86
2136,2012-12-30,178.86
2137,2012-12-31,178.86
2138,2013-01-01,178.86
2139,2013-01-02,178.86
2140,2013-01-03,178.86
2141,2013-01-04,178.86
2142,2013-01-05,178.86
2143,2013-01-06,178.86
2144,2013-01-07,178.85
2145,2013-01-08,178.83
2146,2013-01-09,178.83
2147,2013-01-10,178.83
2148,2013-01-11,178.83
2149,2013-01-12,178.83
2150,2013-01-13,178.83
2151,2013-01-14,178.83
2152,2013-01-15,178.83
2153,2013-01-16,178.83
2154,2013-01-17,178.82
2155,2013-01-18,178.82
2156,2013-01-19,178.82
2157,2013-01-20,178.82
2158,2013-01-21,178.82
2159,2013-01-22,178.82
2160,2013-01-23,178.82
2161,2013-01-24,178.82
2162,2013-01-25,178.81
2163,2013-01-26,178.81
2164,2013-01-27,178.81
2165,2013-01-28,178.82
2166,2013-01-29,178.82
2167,2013-01-30,178.82
2168,2013-01-31,178.83
2169,2013-02-01,178.86
2170,2013-02-02,178.86
2171,2013-02-03,178.89
2172,2013-02-04,178.9
2173,2013-02-05,178.9
2174,2013-02-06,178.9
2175,2013-02-07,178.9
2176,2013-02-08,178.9
2177,2013-02-09,178.9
2178,2013-02-10,178.9
2179,2013-02-11,178.91
2180,2013-02-12,178.91
2181,2013-02-13,178.91
2182,2013-02-14,178.91
2183,2013-02-15,178.91
2184,2013-02-16,178.91
2185,2013-02-17,178.91
2186,2013-02-18,178.91
2187,2013-02-19,178.91
2188,2013-02-20,178.91
2189,2013-02-21,178.9
2190,2013-02-22,178.9
2191,2013-02-23,178.9
2192,2013-02-24,178.9
2193,2013-02-25,178.9
2194,2013-02-26,178.9
2195,2013-02-27,178.89
2196,2013-02-28,178.89
2197,2013-03-01,178.89
2198,2013-03-02,178.89
2199,2013-03-03,178.89
2200,2013-03-04,178.89
2201,2013-03-05,178.89
2202,2013-03-06,178.87
2203,2013-03-07,178.87
2204,2013-03-08,178.87
2205,2013-03-09,178.87
2206,2013-03-10,178.86
2207,2013-03-11,178.86
2208,2013-03-12,178.86
2209,2013-03-13,178.86
2210,2013-03-14,178.86
2211,2013-03-15,178.86
2212,2013-03-16,178.86
2213,2013-03-17,178.86
2214,2013-03-18,178.86
2215,2013-03-19,178.86
2216,2013-03-20,178.86
2217,2013-03-21,178.86
2218,2013-03-22,178.86
2219,2013-03-23,178.86
2220,2013-03-24,178.86
2221,2013-03-25,178.86
2222,2013-03-26,178.85
2223,2013-03-27,178.85
2224,2013-03-28,178.85
2225,2013-03-29,178.83
2226,2013-03-30,178.83
2227,2013-03-31,178.83
2228,2013-04-01,178.82
2229,2013-04-02,178.82
2230,2013-04-03,178.82
2231,2013-04-04,178.82
2232,2013-04-05,178.82
2233,2013-04-06,178.82
2234,2013-04-07,178.82
2235,2013-04-08,178.82
2236,2013-04-09,178.82
2237,2013-04-10,178.81
2238,2013-04-11,178.82
2239,2013-04-12,178.81
2240,2013-04-13,178.81
2241,2013-04-14,178.81
2242,2013-04-15,178.79
2243,2013-04-16,178.78
2244,2013-04-17,178.78
2245,2013-04-18,178.78
2246,2013-04-19,178.78
2247,2013-04-20,178.78
2248,2013-04-21,178.78
2249,2013-04-22,178.78
2250,2013-04-23,178.78
2251,2013-04-24,178.77
2252,2013-04-25,178.77
2253,2013-04-26,178.77
2254,2013-04-27,178.77
2255,2013-04-28,178.75
2256,2013-04-29,178.74
2257,2013-04-30,178.74
2258,2013-05-01,178.74
2259,2013-05-02,178.74
2260,2013-05-03,178.73
2261,2013-05-04,178.73
2262,2013-05-05,178.73
2263,2013-05-06,178.73
2264,2013-05-07,178.73
2265,2013-05-08,178.73
2266,2013-05-09,178.73
2267,2013-05-10,178.73
2268,2013-05-11,178.72
2269,2013-05-12,178.72
2270,2013-05-13,178.7
2271,2013-05-14,178.7
2272,2013-05-15,178.7
2273,2013-05-16,178.7
2274,2013-05-17,178.7
2275,2013-05-18,178.69
2276,2013-05-19,178.69
2277,2013-05-20,178.69
2278,2013-05-21,178.72
2279,2013-05-22,178.73
2280,2013-05-23,178.73
2281,2013-05-24,178.73
2282,2013-05-25,178.73
2283,2013-05-26,178.73
2284,2013-05-27,178.73
2285,2013-05-28,178.73
2286,2013-05-29,178.73
2287,2013-05-30,178.73
2288,2013-05-31,178.73
2289,2013-06-01,178.73
2290,2013-06-02,178.72
2291,2013-06-03,178.72
2292,2013-06-04,178.7
2293,2013-06-05,178.7
2294,2013-06-06,178.7
2295,2013-06-07,178.69
2296,2013-06-08,178.69
2297,2013-06-09,178.69
2298,2013-06-10,178.69
2299,2013-06-11,178.69
2300,2013-06-12,178.69
2301,2013-06-13,178.69
2302,2013-06-14,178.68
2303,2013-06-15,178.68
2304,2013-06-16,178.66
2305,2013-06-17,178.66
2306,2013-06-18,178.65
2307,2013-06-19,178.65
2308,2013-06-20,178.65
2309,2013-06-21,178.65
2310,2013-06-22,178.68
2311,2013-06-23,178.68
2312,2013-06-24,178.68
2313,2013-06-25,178.68
2314,2013-06-26,178.68
2315,2013-06-27,178.66
2316,2013-06-28,178.66
2317,2013-06-29,178.65
2318,2013-06-30,178.65
2319,2013-07-01,178.65
2320,2013-07-02,178.65
2321,2013-07-03,178.64
2322,2013-07-04,178.64
2323,2013-07-05,178.62
2324,2013-07-06,178.62
2325,2013-07-07,178.61
2326,2013-07-08,178.61
2327,2013-07-09,178.61
2328,2013-07-10,178.61
2329,2013-07-11,178.61
2330,2013-07-12,178.6
2331,2013-07-13,178.6
2332,2013-07-14,178.6
2333,2013-07-15,178.58
2334,2013-07-16,178.57
2335,2013-07-17,178.57
2336,2013-07-18,178.57
2337,2013-07-19,178.56
2338,2013-07-20,178.56
2339,2013-07-21,178.54
2340,2013-07-22,178.54
2341,2013-07-23,178.54
2342,2013-07-24,178.53
2343,2013-07-25,178.53
2344,2013-07-26,178.53
2345,2013-07-27,178.54
2346,2013-07-28,178.54
2347,2013-07-29,178.54
2348,2013-07-30,178.54
2349,2013-07-31,178.54
2350,2013-08-01,178.54
2351,2013-08-02,178.53
2352,2013-08-03,178.53
2353,2013-08-04,178.53
2354,2013-08-05,178.52
2355,2013-08-06,178.52
2356,2013-08-07,178.5
2357,2013-08-08,178.49
2358,2013-08-09,178.48
2359,2013-08-10,178.48
2360,2013-08-11,178.47
2361,2013-08-12,178.45
2362,2013-08-13,178.44
2363,2013-08-14,178.44
2364,2013-08-15,178.43
2365,2013-08-16,178.41
2366,2013-08-17,178.4
2367,2013-08-18,178.4
2368,2013-08-19,178.39
2369,2013-08-20,178.36
2370,2013-08-21,178.36
2371,2013-08-22,178.35
2372,2013-08-23,178.35
2373,2013-08-24,178.33
2374,2013-08-25,178.33
2375,2013-08-26,178.32
2376,2013-08-27,178.31
2377,2013-08-28,178.29
2378,2013-08-29,178.28
2379,2013-08-30,178.28
2380,2013-08-31,178.28
2381,2013-09-01,178.27
2382,2013-09-02,178.25
2383,2013-09-03,178.25
2384,2013-09-04,178.24
2385,2013-09-05,178.24
2386,2013-09-06,178.23
2387,2013-09-07,178.23
2388,2013-09-08,178.22
2389,2013-09-09,178.2
2390,2013-09-10,178.19
2391,2013-09-11,178.19
2392,2013-09-12,178.19
2393,2013-09-13,178.19
2394,2013-09-14,178.19
2395,2013-09-15,178.19
2396,2013-09-16,178.2
2397,2013-09-17,178.22
2398,2013-09-18,178.23
2399,2013-09-19,178.23
2400,2013-09-20,178.23
2401,2013-09-21,178.23
2402,2013-09-22,178.23
2403,2013-09-23,178.23
2404,2013-09-24,178.22
2405,2013-09-25,178.22
2406,2013-09-26,178.2
2407,2013-09-27,178.19
2408,2013-09-28,178.18
2409,2013-09-29,178.16
2410,2013-09-30,178.16
2411,2013-10-01,178.15
2412,2013-10-02,178.15
2413,2013-10-03,178.14
2414,2013-10-04,178.14
2415,2013-10-05,178.12
2416,2013-10-06,178.12
2417,2013-10-07,178.14
2418,2013-10-08,178.15
2419,2013-10-09,178.14
2420,2013-10-10,178.14
2421,2013-10-11,178.14
2422,2013-10-12,178.15
2423,2013-10-13,178.15
2424,2013-10-14,178.15
2425,2013-10-15,178.15
2426,2013-10-16,178.15
2427,2013-10-17,178.15
2428,2013-10-18,178.15
2429,2013-10-19,178.15
2430,2013-10-20,178.15
2431,2013-10-21,178.15
2432,2013-10-22,178.15
2433,2013-10-23,178.15
2434,2013-10-24,178.16
2435,2013-10-25,178.16
2436,2013-10-26,178.18
2437,2013-10-27,178.19
2438,2013-10-28,178.2
2439,2013-10-29,178.23
2440,2013-10-30,178.27
2441,2013-10-31,178.28
2442,2013-11-01,178.29
2443,2013-11-02,178.31
2444,2013-11-03,178.33
2445,2013-11-04,178.4
2446,2013-11-05,178.54
2447,2013-11-06,178.64
2448,2013-11-07,178.66
2449,2013-11-08,178.7
2450,2013-11-09,178.72
2451,2013-11-10,178.73
2452,2013-11-11,178.77
2453,2013-11-12,178.78
2454,2013-11-13,178.78
2455,2013-11-14,178.78
2456,2013-11-15,178.77
2457,2013-11-16,178.75
2458,2013-11-17,178.74
2459,2013-11-18,178.73
2460,2013-11-19,178.73
2461,2013-11-20,178.73
2462,2013-11-21,178.72
2463,2013-11-22,178.7
2464,2013-11-23,178.69
2465,2013-11-24,178.69
2466,2013-11-25,178.66
2467,2013-11-26,178.65
2468,2013-11-27,178.64
2469,2013-11-28,178.61
2470,2013-11-29,178.61
2471,2013-11-30,178.6
2472,2013-12-01,178.58
2473,2013-12-02,178.57
2474,2013-12-03,178.57
2475,2013-12-04,178.56
2476,2013-12-05,178.53
2477,2013-12-06,178.53
2478,2013-12-07,178.53
2479,2013-12-08,178.52
2480,2013-12-09,178.5
2481,2013-12-10,178.48
2482,2013-12-11,178.48
2483,2013-12-12,178.48
2484,2013-12-13,178.47
2485,2013-12-14,178.45
2486,2013-12-15,178.44
2487,2013-12-16,178.44
2488,2013-12-17,178.43
2489,2013-12-18,178.41
2490,2013-12-19,178.41
2491,2013-12-20,178.4
2492,2013-12-21,178.4
2493,2013-12-22,178.39
2494,2013-12-23,178.39
2495,2013-12-24,178.39
2496,2013-12-25,178.48
2497,2013-12-26,178.61
2498,2013-12-27,178.68
2499,2013-12-28,178.74
2500,2013-12-29,178.75
2501,2013-12-30,178.75
2502,2013-12-31,178.77
2503,2014-01-01,178.77
2504,2014-01-02,178.78
2505,2014-01-03,178.78
2506,2014-01-04,178.78
2507,2014-01-05,178.78
2508,2014-01-06,178.78
2509,2014-01-07,178.78
2510,2014-01-08,178.78
2511,2014-01-09,178.78
2512,2014-01-10,178.79
2513,2014-01-11,178.79
2514,2014-01-12,178.79
2515,2014-01-13,178.81
2516,2014-01-14,178.81
2517,2014-01-15,178.81
2518,2014-01-16,178.81
2519,2014-01-17,178.81
2520,2014-01-18,178.81
2521,2014-01-19,178.81
2522,2014-01-20,178.81
2523,2014-01-21,178.79
2524,2014-01-22,178.79
2525,2014-01-23,178.79
2526,2014-01-24,178.79
2527,2014-01-25,178.79
2528,2014-01-26,178.79
2529,2014-01-27,178.79
2530,2014-01-28,178.81
2531,2014-01-29,178.81
2532,2014-01-30,178.81
2533,2014-01-31,178.82
2534,2014-02-01,178.82
2535,2014-02-02,178.82
2536,2014-02-03,178.86
2537,2014-02-04,178.86
2538,2014-02-05,178.87
2539,2014-02-06,178.89
2540,2014-02-07,178.89
2541,2014-02-08,178.89
2542,2014-02-09,178.89
2543,2014-02-10,178.89
2544,2014-02-11,178.89
2545,2014-02-12,178.89
2546,2014-02-13,178.9
2547,2014-02-14,178.9
2548,2014-02-15,178.9
2549,2014-02-16,178.91
2550,2014-02-17,178.91
2551,2014-02-18,178.91
2552,2014-02-19,178.91
2553,2014-02-20,178.91
2554,2014-02-21,178.91
2555,2014-02-22,178.9
2556,2014-02-23,178.9
2557,2014-02-24,178.9
2558,2014-02-25,178.9
2559,2014-02-26,178.9
2560,2014-02-27,178.9
2561,2014-02-28,178.9
2562,2014-03-01,178.91
2563,2014-03-02,178.94
2564,2014-03-03,178.95
2565,2014-03-04,178.97
2566,2014-03-05,178.97
2567,2014-03-06,178.98
2568,2014-03-07,178.98
2569,2014-03-08,178.98
2570,2014-03-09,178.97
2571,2014-03-10,178.97
2572,2014-03-11,178.97
2573,2014-03-12,178.95
2574,2014-03-13,178.95
2575,2014-03-14,178.94
2576,2014-03-15,178.94
2577,2014-03-16,178.94
2578,2014-03-17,178.94
2579,2014-03-18,178.93
2580,2014-03-19,178.91
2581,2014-03-20,178.91
2582,2014-03-21,178.9
2583,2014-03-22,178.9
2584,2014-03-23,178.9
2585,2014-03-24,178.9
2586,2014-03-25,178.9
2587,2014-03-26,178.89
2588,2014-03-27,178.87
2589,2014-03-28,178.86
2590,2014-03-29,178.86
2591,2014-03-30,178.86
2592,2014-03-31,178.85
2593,2014-04-01,178.85
2594,2014-04-02,178.83
2595,2014-04-03,178.83
2596,2014-04-04,178.82
2597,2014-04-05,178.82
2598,2014-04-06,178.82
2599,2014-04-07,178.81
2600,2014-04-08,178.81
2601,2014-04-09,178.79
2602,2014-04-10,178.78
2603,2014-04-11,178.78
2604,2014-04-12,178.78
2605,2014-04-13,178.78
2606,2014-04-14,178.77
2607,2014-04-15,178.77
2608,2014-04-16,178.75
2609,2014-04-17,178.74
2610,2014-04-18,178.74
2611,2014-04-19,178.73
2612,2014-04-20,178.73
2613,2014-04-21,178.73
2614,2014-04-22,178.73
2615,2014-04-23,178.73
2616,2014-04-24,178.72
2617,2014-04-25,178.7
2618,2014-04-26,178.7
2619,2014-04-27,178.7
2620,2014-04-28,178.69
2621,2014-04-29,178.69
2622,2014-04-30,178.69
2623,2014-05-01,178.68
2624,2014-05-02,178.68
2625,2014-05-03,178.66
2626,2014-05-04,178.66
2627,2014-05-05,178.65
2628,2014-05-06,178.65
2629,2014-05-07,178.65
2630,2014-05-08,178.64
2631,2014-05-09,178.62
2632,2014-05-10,178.61
2633,2014-05-11,178.61
2634,2014-05-12,178.61
2635,2014-05-13,178.61
2636,2014-05-14,178.61
2637,2014-05-15,178.61
2638,2014-05-16,178.6
2639,2014-05-17,178.6
2640,2014-05-18,178.6
2641,2014-05-19,178.6
2642,2014-05-20,178.58
2643,2014-05-21,178.58
2644,2014-05-22,178.58
2645,2014-05-23,178.57
2646,2014-05-24,178.57
2647,2014-05-25,178.57
2648,2014-05-26,178.57
2649,2014-05-27,178.56
2650,2014-05-28,178.56
2651,2014-05-29,178.56
2652,2014-05-30,178.54
2653,2014-05-31,178.54
2654,2014-06-01,178.53
2655,2014-06-02,178.53
2656,2014-06-03,178.53
2657,2014-06-04,178.53
2658,2014-06-05,178.53
2659,2014-06-06,178.53
2660,2014-06-07,178.53
2661,2014-06-08,178.53
2662,2014-06-09,178.52
2663,2014-06-10,178.5
2664,2014-06-11,178.5
2665,2014-06-12,178.49
2666,2014-06-13,178.48
2667,2014-06-14,178.48
2668,2014-06-15,178.48
2669,2014-06-16,178.47
2670,2014-06-17,178.45
2671,2014-06-18,178.44
2672,2014-06-19,178.44
2673,2014-06-20,178.43
2674,2014-06-21,178.41
2675,2014-06-22,178.4
2676,2014-06-23,178.4
2677,2014-06-24,178.39
2678,2014-06-25,178.37
2679,2014-06-26,178.36
2680,2014-06-27,178.36
2681,2014-06-28,178.36
2682,2014-06-29,178.35
2683,2014-06-30,178.33
2684,2014-07-01,178.32
2685,2014-07-02,178.32
2686,2014-07-03,178.32
2687,2014-07-04,178.31
2688,2014-07-05,178.31
2689,2014-07-06,178.29
2690,2014-07-07,178.28
2691,2014-07-08,178.28
2692,2014-07-09,178.28
2693,2014-07-10,178.35
2694,2014-07-11,178.43
2695,2014-07-12,178.49
2696,2014-07-13,178.53
2697,2014-07-14,178.56
2698,2014-07-15,178.57
2699,2014-07-16,178.57
2700,2014-07-17,178.58
2701,2014-07-18,178.58
2702,2014-07-19,178.58
2703,2014-07-20,178.57
2704,2014-07-21,178.57
2705,2014-07-22,178.57
2706,2014-07-23,178.56
2707,2014-07-24,178.54
2708,2014-07-25,178.53
2709,2014-07-26,178.53
2710,2014-07-27,178.5
2711,2014-07-28,178.49
2712,2014-07-29,178.5
2713,2014-07-30,178.5
2714,2014-07-31,178.5
2715,2014-08-01,178.5
2716,2014-08-02,178.49
2717,2014-08-03,178.49
2718,2014-08-04,178.49
2719,2014-08-05,178.49
2720,2014-08-06,178.48
2721,2014-08-07,178.48
2722,2014-08-08,178.48
2723,2014-08-09,178.48
2724,2014-08-10,178.48
2725,2014-08-11,178.5
2726,2014-08-12,178.54
2727,2014-08-13,178.57
2728,2014-08-14,178.58
2729,2014-08-15,178.61
2730,2014-08-16,178.64
2731,2014-08-17,178.66
2732,2014-08-18,178.69
2733,2014-08-19,178.7
2734,2014-08-20,178.7
2735,2014-08-21,178.7
2736,2014-08-22,178.69
2737,2014-08-23,178.69
2738,2014-08-24,178.68
2739,2014-08-25,178.65
2740,2014-08-26,178.65
2741,2014-08-27,178.64
2742,2014-08-28,178.62
2743,2014-08-29,178.61
2744,2014-08-30,178.6
2745,2014-08-31,178.58
2746,2014-09-01,178.57
2747,2014-09-02,178.57
2748,2014-09-03,178.56
2749,2014-09-04,178.54
2750,2014-09-05,178.53
2751,2014-09-06,178.53
2752,2014-09-07,178.52
2753,2014-09-08,178.5
2754,2014-09-09,178.48
2755,2014-09-10,178.48
2756,2014-09-11,178.45
2757,2014-09-12,178.44
2758,2014-09-13,178.43
2759,2014-09-14,178.4
2760,2014-09-15,178.4
2761,2014-09-16,178.37
2762,2014-09-17,178.36
2763,2014-09-18,178.36
2764,2014-09-19,178.33
2765,2014-09-20,178.32
2766,2014-09-21,178.33
2767,2014-09-22,178.37
2768,2014-09-23,178.4
2769,2014-09-24,178.41
2770,2014-09-25,178.43
2771,2014-09-26,178.43
2772,2014-09-27,178.41
2773,2014-09-28,178.41
2774,2014-09-29,178.4
2775,2014-09-30,178.4
2776,2014-10-01,178.4
2777,2014-10-02,178.37
2778,2014-10-03,178.37
2779,2014-10-04,178.36
2780,2014-10-05,178.36
2781,2014-10-06,178.36
2782,2014-10-07,178.36
2783,2014-10-08,178.41
2784,2014-10-09,178.53
2785,2014-10-10,178.62
2786,2014-10-11,178.69
2787,2014-10-12,178.73
2788,2014-10-13,178.73
2789,2014-10-14,178.72
2790,2014-10-15,178.72
2791,2014-10-16,178.7
2792,2014-10-17,178.7
2793,2014-10-18,178.7
2794,2014-10-19,178.7
2795,2014-10-20,178.72
2796,2014-10-21,178.72
2797,2014-10-22,178.72
2798,2014-10-23,178.7
2799,2014-10-24,178.7
2800,2014-10-25,178.69
2801,2014-10-26,178.69
2802,2014-10-27,178.68
2803,2014-10-28,178.66
2804,2014-10-29,178.65
2805,2014-10-30,178.64
2806,2014-10-31,178.62
2807,2014-11-01,178.61
2808,2014-11-02,178.6
2809,2014-11-03,178.58
2810,2014-11-04,178.58
2811,2014-11-05,178.57
2812,2014-11-06,178.56
2813,2014-11-07,178.54
2814,2014-11-08,178.54
2815,2014-11-09,178.53
2816,2014-11-10,178.51
2817,2014-11-11,178.5
2818,2014-11-12,178.49
2819,2014-11-13,178.48
2820,2014-11-14,178.47
2821,2014-11-15,178.45
2822,2014-11-16,178.46
2823,2014-11-17,178.47
2824,2014-11-18,178.47
2825,2014-11-19,178.47
2826,2014-11-20,178.46
2827,2014-11-21,178.46
2828,2014-11-22,178.45
2829,2014-11-23,178.45
2830,2014-11-24,178.45
2831,2014-11-25,178.45
2832,2014-11-26,178.46
2833,2014-11-27,178.46
2834,2014-11-28,178.46
2835,2014-11-29,178.46
2836,2014-11-30,178.45
2837,2014-12-01,178.45
2838,2014-12-02,178.44
2839,2014-12-03,178.43
2840,2014-12-04,178.42
2841,2014-12-05,178.42
2842,2014-12-06,178.41
2843,2014-12-07,178.4
2844,2014-12-08,178.39
2845,2014-12-09,178.38
2846,2014-12-10,178.38
2847,2014-12-11,178.37
2848,2014-12-12,178.37
2849,2014-12-13,178.4
2850,2014-12-14,178.52
2851,2014-12-15,178.61
2852,2014-12-16,178.65
2853,2014-12-17,178.69
2854,2014-12-18,178.73
2855,2014-12-19,178.76
2856,2014-12-20,178.77
2857,2014-12-21,178.79
2858,2014-12-22,178.81
2859,2014-12-23,178.82
2860,2014-12-24,178.82
2861,2014-12-25,178.82
2862,2014-12-26,178.82
2863,2014-12-27,178.82
2864,2014-12-28,178.82
2865,2014-12-29,178.81
2866,2014-12-30,178.8
2867,2014-12-31,178.8
2868,2015-01-01,178.79
2869,2015-01-02,178.79
2870,2015-01-03,178.79
2871,2015-01-04,178.79
2872,2015-01-05,178.79
2873,2015-01-06,178.8
2874,2015-01-07,178.79
2875,2015-01-08,178.79
2876,2015-01-09,178.79
2877,2015-01-10,178.79
2878,2015-01-11,178.79
2879,2015-01-12,178.79
2880,2015-01-13,178.79
2881,2015-01-14,178.79
2882,2015-01-15,178.8
2883,2015-01-16,178.8
2884,2015-01-17,178.8
2885,2015-01-18,178.8
2886,2015-01-19,178.8
2887,2015-01-20,178.81
2888,2015-01-21,178.81
2889,2015-01-22,178.81
2890,2015-01-23,178.81
2891,2015-01-24,178.8
2892,2015-01-25,178.8
2893,2015-01-26,178.79
2894,2015-01-27,178.79
2895,2015-01-28,178.81
2896,2015-01-29,178.81
2897,2015-01-30,178.81
2898,2015-01-31,178.82
2899,2015-02-01,178.82
2900,2015-02-02,178.84
2901,2015-02-03,178.87
2902,2015-02-04,178.88
2903,2015-02-05,178.89
2904,2015-02-06,178.89
2905,2015-02-07,178.89
2906,2015-02-08,178.88
2907,2015-02-09,178.87
2908,2015-02-10,178.87
2909,2015-02-11,178.86
2910,2015-02-12,178.86
2911,2015-02-13,178.85
2912,2015-02-14,178.85
2913,2015-02-15,178.85
2914,2015-02-16,178.84
2915,2015-02-17,178.84
2916,2015-02-18,178.83
2917,2015-02-19,178.82
2918,2015-02-20,178.82
2919,2015-02-21,178.83
2920,2015-02-22,178.83
2921,2015-02-23,178.84
2922,2015-02-24,178.85
2923,2015-02-25,178.86
2924,2015-02-26,178.87
2925,2015-02-27,178.87
2926,2015-02-28,178.88
2927,2015-03-01,178.89
2928,2015-03-02,178.89
2929,2015-03-03,178.9
2930,2015-03-04,178.91
2931,2015-03-05,178.91
2932,2015-03-06,178.91
2933,2015-03-07,178.91
2934,2015-03-08,178.91
2935,2015-03-09,178.9
2936,2015-03-10,178.9
2937,2015-03-11,178.9
2938,2015-03-12,178.9
2939,2015-03-13,178.89
2940,2015-03-14,178.89
2941,2015-03-15,178.88
2942,2015-03-16,178.88
2943,2015-03-17,178.87
2944,2015-03-18,178.87
2945,2015-03-19,178.86
2946,2015-03-20,178.85
2947,2015-03-21,178.85
2948,2015-03-22,178.85
2949,2015-03-23,178.84
2950,2015-03-24,178.84
2951,2015-03-25,178.84
2952,2015-03-26,178.83
2953,2015-03-27,178.83
2954,2015-03-28,178.82
2955,2015-03-29,178.82
2956,2015-03-30,178.83
2957,2015-03-31,178.83
2958,2015-04-01,178.82
2959,2015-04-02,178.82
2960,2015-04-03,178.8
2961,2015-04-04,178.8
2962,2015-04-05,178.8
2963,2015-04-06,178.79
2964,2015-04-07,178.79
2965,2015-04-08,178.78
2966,2015-04-09,178.78
2967,2015-04-10,178.78
2968,2015-04-11,178.78
2969,2015-04-12,178.77
2970,2015-04-13,178.77
2971,2015-04-14,178.76
2972,2015-04-15,178.76
2973,2015-04-16,178.76
2974,2015-04-17,178.76
2975,2015-04-18,178.75
2976,2015-04-19,178.75
2977,2015-04-20,178.74
2978,2015-04-21,178.73
2979,2015-04-22,178.73
2980,2015-04-23,178.72
2981,2015-04-24,178.72
2982,2015-04-25,178.72
2983,2015-04-26,178.72
2984,2015-04-27,178.72
2985,2015-04-28,178.71
2986,2015-04-29,178.71
2987,2015-04-30,178.71
2988,2015-05-01,178.71
2989,2015-05-02,178.71
2990,2015-05-03,178.72
2991,2015-05-04,178.73
2992,2015-05-05,178.73
2993,2015-05-06,178.74
2994,2015-05-07,178.74
2995,2015-05-08,178.74
2996,2015-05-09,178.74
2997,2015-05-10,178.73
2998,2015-05-11,178.73
2999,2015-05-12,178.72
3000,2015-05-13,178.71
3001,2015-05-14,178.71
3002,2015-05-15,178.71
3003,2015-05-16,178.7
3004,2015-05-17,178.7
3005,2015-05-18,178.7
3006,2015-05-19,178.7
3007,2015-05-20,178.69
3008,2015-05-21,178.69
3009,2015-05-22,178.68
3010,2015-05-23,178.67
3011,2015-05-24,178.67
3012,2015-05-25,178.66
3013,2015-05-26,178.66
3014,2015-05-27,178.65
3015,2015-05-28,178.64
3016,2015-05-29,178.64
3017,2015-05-30,178.62
3018,2015-05-31,178.61
3019,2015-06-01,178.61
3020,2015-06-02,178.6
3021,2015-06-03,178.6
3022,2015-06-04,178.59
3023,2015-06-05,178.59
3024,2015-06-06,178.58
3025,2015-06-07,178.57
3026,2015-06-08,178.57
3027,2015-06-09,178.56
3028,2015-06-10,178.56
3029,2015-06-11,178.55
3030,2015-06-12,178.55
3031,2015-06-13,178.54
3032,2015-06-14,178.54
3033,2015-06-15,178.54
3034,2015-06-16,178.53
3035,2015-06-17,178.53
3036,2015-06-18,178.53
3037,2015-06-19,178.53
3038,2015-06-20,178.52
3039,2015-06-21,178.52
3040,2015-06-22,178.51
3041,2015-06-23,178.51
3042,2015-06-24,178.5
3043,2015-06-25,178.49
3044,2015-06-26,178.48
3045,2015-06-27,178.48
3046,2015-06-28,178.47
3047,2015-06-29,178.46
3048,2015-06-30,178.45
3049,2015-07-01,178.45
3050,2015-07-02,178.44
3051,2015-07-03,178.43
3052,2015-07-04,178.42
3053,2015-07-05,178.41
3054,2015-07-06,178.39
3055,2015-07-07,178.39
3056,2015-07-08,178.42
3057,2015-07-09,178.43
3058,2015-07-10,178.43
3059,2015-07-11,178.41
3060,2015-07-12,178.39
3061,2015-07-13,178.37
3062,2015-07-14,178.35
3063,2015-07-15,178.33
3064,2015-07-16,178.32
3065,2015-07-17,178.32
3066,2015-07-18,178.3
3067,2015-07-19,178.29
3068,2015-07-20,178.28
3069,2015-07-21,178.27
3070,2015-07-22,178.26
3071,2015-07-23,178.25
3072,2015-07-24,178.24
3073,2015-07-25,178.24
3074,2015-07-26,178.23
3075,2015-07-27,178.22
3076,2015-07-28,178.21
3077,2015-07-29,178.21
3078,2015-07-30,178.2
3079,2015-07-31,178.19
3080,2015-08-01,178.18
3081,2015-08-02,178.17
3082,2015-08-03,178.17
3083,2015-08-04,178.16
3084,2015-08-05,178.15
3085,2015-08-06,178.14
3086,2015-08-07,178.14
3087,2015-08-08,178.13
3088,2015-08-09,178.12
3089,2015-08-10,178.12
3090,2015-08-11,178.11
3091,2015-08-12,178.11
3092,2015-08-13,178.11
3093,2015-08-14,178.1
3094,2015-08-15,178.1
3095,2015-08-16,178.1
3096,2015-08-17,178.1
3097,2015-08-18,178.09
3098,2015-08-19,178.09
3099,2015-08-20,178.08
3100,2015-08-21,178.08
3101,2015-08-22,178.08
3102,2015-08-23,178.07
3103,2015-08-24,178.07
3104,2015-08-25,178.07
3105,2015-08-26,178.07
3106,2015-08-27,178.07
3107,2015-08-28,178.13
3108,2015-08-29,178.17
3109,2015-08-30,178.17
3110,2015-08-31,178.17
3111,2015-09-01,178.17
3112,2015-09-02,178.16
3113,2015-09-03,178.16
3114,2015-09-04,178.16
3115,2015-09-05,178.15
3116,2015-09-06,178.14
3117,2015-09-07,178.14
3118,2015-09-08,178.12
3119,2015-09-09,178.12
3120,2015-09-10,178.12
3121,2015-09-11,178.12
3122,2015-09-12,178.11
3123,2015-09-13,178.1
3124,2015-09-14,178.1
3125,2015-09-15,178.1
3126,2015-09-16,178.11
3127,2015-09-17,178.15
3128,2015-09-18,178.18
3129,2015-09-19,178.2
3130,2015-09-20,178.23
3131,2015-09-21,178.25
3132,2015-09-22,178.28
3133,2015-09-23,178.3
3134,2015-09-24,178.31
3135,2015-09-25,178.31
3136,2015-09-26,178.31
3137,2015-09-27,178.31
3138,2015-09-28,178.3
3139,2015-09-29,178.3
3140,2015-09-30,178.3
3141,2015-10-01,178.29
3142,2015-10-02,178.28
3143,2015-10-03,178.28
3144,2015-10-04,178.27
3145,2015-10-05,178.25
3146,2015-10-06,178.25
3147,2015-10-07,178.24
3148,2015-10-08,178.23
3149,2015-10-09,178.23
3150,2015-10-10,178.23
3151,2015-10-11,178.23
3152,2015-10-12,178.22
3153,2015-10-13,178.2
3154,2015-10-14,178.19
3155,2015-10-15,178.19
3156,2015-10-16,178.19
3157,2015-10-17,178.19
3158,2015-10-18,178.19
3159,2015-10-19,178.19
3160,2015-10-20,178.19
3161,2015-10-21,178.19
3162,2015-10-22,178.19
3163,2015-10-23,178.18
3164,2015-10-24,178.18
3165,2015-10-25,178.18
3166,2015-10-26,178.19
3167,2015-10-27,178.19
3168,2015-10-28,178.19
3169,2015-10-29,178.2
3170,2015-10-30,178.2
3171,2015-10-31,178.2
3172,2015-11-01,178.19
3173,2015-11-02,178.19
3174,2015-11-03,178.18
3175,2015-11-04,178.17
3176,2015-11-05,178.16
3177,2015-11-06,178.16
3178,2015-11-07,178.15
3179,2015-11-08,178.15
3180,2015-11-09,178.14
3181,2015-11-10,178.14
3182,2015-11-11,178.13
3183,2015-11-12,178.13
3184,2015-11-13,178.12
3185,2015-11-14,178.11
3186,2015-11-15,178.11
3187,2015-11-16,178.11
3188,2015-11-17,178.1
3189,2015-11-18,178.1
3190,2015-11-19,178.1
3191,2015-11-20,178.11
3192,2015-11-21,178.2
3193,2015-11-22,178.27
3194,2015-11-23,178.32
3195,2015-11-24,178.36
3196,2015-11-25,178.4
3197,2015-11-26,178.43
3198,2015-11-27,178.45
3199,2015-11-28,178.46
3200,2015-11-29,178.47
3201,2015-11-30,178.47
3202,2015-12-01,178.46
3203,2015-12-02,178.46
3204,2015-12-03,178.45
3205,2015-12-04,178.44
3206,2015-12-05,178.43
3207,2015-12-06,178.42
3208,2015-12-07,178.41
3209,2015-12-08,178.4
3210,2015-12-09,178.4
3211,2015-12-10,178.39
3212,2015-12-11,178.39
3213,2015-12-12,178.38
3214,2015-12-13,178.38
3215,2015-12-14,178.38
3216,2015-12-15,178.38
3217,2015-12-16,178.38
3218,2015-12-17,178.39
3219,2015-12-18,178.39
3220,2015-12-19,178.39
3221,2015-12-20,178.38
3222,2015-12-21,178.37
3223,2015-12-22,178.36
3224,2015-12-23,178.35
3225,2015-12-24,178.34
3226,2015-12-25,178.34
3227,2015-12-26,178.33
3228,2015-12-27,178.33
3229,2015-12-28,178.33
3230,2015-12-29,178.33
3231,2015-12-30,178.33
3232,2015-12-31,178.32
3233,2016-01-01,178.32
3234,2016-01-02,178.33
3235,2016-01-03,178.33
3236,2016-01-04,178.34
3237,2016-01-05,178.35
3238,2016-01-06,178.35
3239,2016-01-07,178.35
3240,2016-01-08,178.36
3241,2016-01-09,178.37
3242,2016-01-10,178.39
3243,2016-01-11,178.42
3244,2016-01-12,178.45
3245,2016-01-13,178.48
3246,2016-01-14,178.51
3247,2016-01-15,178.53
3248,2016-01-16,178.54
3249,2016-01-17,178.55
3250,2016-01-18,178.57
3251,2016-01-19,178.57
3252,2016-01-20,178.57
3253,2016-01-21,178.57
3254,2016-01-22,178.56
3255,2016-01-23,178.56
3256,2016-01-24,178.55
3257,2016-01-25,178.54
3258,2016-01-26,178.53
3259,2016-01-27,178.51
3260,2016-01-28,178.5
3261,2016-01-29,178.48
3262,2016-01-30,178.47
3263,2016-01-31,178.46
3264,2016-02-01,178.46
3265,2016-02-02,178.46
3266,2016-02-03,178.46
3267,2016-02-04,178.47
3268,2016-02-05,178.48
3269,2016-02-06,178.51
3270,2016-02-07,178.53
3271,2016-02-08,178.55
3272,2016-02-09,178.57
3273,2016-02-10,178.6
3274,2016-02-11,178.61
3275,2016-02-12,178.63
3276,2016-02-13,178.65
3277,2016-02-14,178.67
3278,2016-02-15,178.69
3279,2016-02-16,178.72
3280,2016-02-17,178.75
3281,2016-02-18,178.76
3282,2016-02-19,178.77
3283,2016-02-20,178.78
3284,2016-02-21,178.78
3285,2016-02-22,178.78
3286,2016-02-23,178.78
3287,2016-02-24,178.77
3288,2016-02-25,178.77
3289,2016-02-26,178.77
3290,2016-02-27,178.77
3291,2016-02-28,178.76
3292,2016-02-29,178.76
3293,2016-03-01,178.76
3294,2016-03-02,178.76
3295,2016-03-03,178.75
3296,2016-03-04,178.76
3297,2016-03-05,178.76
3298,2016-03-06,178.78
3299,2016-03-07,178.79
3300,2016-03-08,178.8
3301,2016-03-09,178.8
3302,2016-03-10,178.8
3303,2016-03-11,178.81
3304,2016-03-12,178.81
3305,2016-03-13,178.8
3306,2016-03-14,178.8
3307,2016-03-15,178.8
3308,2016-03-16,178.8
3309,2016-03-17,178.79
3310,2016-03-18,178.78
3311,2016-03-19,178.78
3312,2016-03-20,178.78
3313,2016-03-21,178.78
3314,2016-03-22,178.77
3315,2016-03-23,178.77
3316,2016-03-24,178.76
3317,2016-03-25,178.76
3318,2016-03-26,178.75
3319,2016-03-27,178.74
3320,2016-03-28,178.74
3321,2016-03-29,178.73
3322,2016-03-30,178.73
3323,2016-03-31,178.72
3324,2016-04-01,178.74
3325,2016-04-02,178.76
3326,2016-04-03,178.77
3327,2016-04-04,178.77
3328,2016-04-05,178.78
3329,2016-04-06,178.78
3330,2016-04-07,178.78
3331,2016-04-08,178.78
3332,2016-04-09,178.78
3333,2016-04-10,178.78
3334,2016-04-11,178.78
3335,2016-04-12,178.78
3336,2016-04-13,178.78
3337,2016-04-14,178.77
3338,2016-04-15,178.77
3339,2016-04-16,178.77
3340,2016-04-17,178.77
3341,2016-04-18,178.76
3342,2016-04-19,178.76
3343,2016-04-20,178.79
3344,2016-04-21,178.79
3345,2016-04-22,178.78
3346,2016-04-23,178.77
3347,2016-04-24,178.76
3348,2016-04-25,178.75
3349,2016-04-26,178.75
3350,2016-04-27,178.74
3351,2016-04-28,178.74
3352,2016-04-29,178.73
3353,2016-04-30,178.73
3354,2016-05-01,178.72
3355,2016-05-02,178.71
3356,2016-05-03,178.71
3357,2016-05-04,178.69
3358,2016-05-05,178.68
3359,2016-05-06,178.68
3360,2016-05-07,178.67
3361,2016-05-08,178.66
3362,2016-05-09,178.65
3363,2016-05-10,178.65
3364,2016-05-11,178.65
3365,2016-05-12,178.65
3366,2016-05-13,178.65
3367,2016-05-14,178.65
3368,2016-05-15,178.65
3369,2016-05-16,178.64
3370,2016-05-17,178.64
3371,2016-05-18,178.63
3372,2016-05-19,178.63
3373,2016-05-20,178.63
3374,2016-05-21,178.62
3375,2016-05-22,178.62
3376,2016-05-23,178.63
3377,2016-05-24,178.67
3378,2016-05-25,178.73
3379,2016-05-26,178.77
3380,2016-05-27,178.77
3381,2016-05-28,178.77
3382,2016-05-29,178.77
3383,2016-05-30,178.78
3384,2016-05-31,178.85
3385,2016-06-01,178.92
3386,2016-06-02,178.95
3387,2016-06-03,178.99
3388,2016-06-04,179.01
3389,2016-06-05,179.01
3390,2016-06-06,179.01
3391,2016-06-07,179.0
3392,2016-06-08,178.99
3393,2016-06-09,178.98
3394,2016-06-10,178.96
3395,2016-06-11,178.95
3396,2016-06-12,178.94
3397,2016-06-13,178.93
3398,2016-06-14,178.93
3399,2016-06-15,178.92
3400,2016-06-16,178.91
3401,2016-06-17,178.9
3402,2016-06-18,178.89
3403,2016-06-19,178.88
3404,2016-06-20,178.88
3405,2016-06-21,178.87
3406,2016-06-22,178.87
3407,2016-06-23,178.87
3408,2016-06-24,178.86
3409,2016-06-25,178.86
3410,2016-06-26,178.85
3411,2016-06-27,178.84
3412,2016-06-28,178.83
3413,2016-06-29,178.83
3414,2016-06-30,178.82
3415,2016-07-01,178.82
3416,2016-07-02,178.81
3417,2016-07-03,178.81
3418,2016-07-04,178.8
3419,2016-07-05,178.8
3420,2016-07-06,178.79
3421,2016-07-07,178.79
3422,2016-07-08,178.78
3423,2016-07-09,178.78
3424,2016-07-10,178.77
3425,2016-07-11,178.77
3426,2016-07-12,178.76
3427,2016-07-13,178.76
3428,2016-07-14,178.75
3429,2016-07-15,178.75
3430,2016-07-16,178.74
3431,2016-07-17,178.74
3432,2016-07-18,178.74
3433,2016-07-19,178.73
3434,2016-07-20,178.73
3435,2016-07-21,178.73
3436,2016-07-22,178.72
3437,2016-07-23,178.73
3438,2016-07-24,178.74
3439,2016-07-25,178.74
3440,2016-07-26,178.74
3441,2016-07-27,178.74
3442,2016-07-28,178.74
3443,2016-07-29,178.73
3444,2016-07-30,178.73
3445,2016-07-31,178.73
3446,2016-08-01,178.72
3447,2016-08-02,178.71
3448,2016-08-03,178.71
3449,2016-08-04,178.71
3450,2016-08-05,178.7
3451,2016-08-06,178.69
3452,2016-08-07,178.68
3453,2016-08-08,178.67
3454,2016-08-09,178.66
3455,2016-08-10,178.65
3456,2016-08-11,178.64
3457,2016-08-12,178.63
3458,2016-08-13,178.62
3459,2016-08-14,178.62
3460,2016-08-15,178.61
3461,2016-08-16,178.61
3462,2016-08-17,178.6
3463,2016-08-18,178.6
3464,2016-08-19,178.59
3465,2016-08-20,178.59
3466,2016-08-21,178.58
3467,2016-08-22,178.57
3468,2016-08-23,178.57
3469,2016-08-24,178.56
3470,2016-08-25,178.55
3471,2016-08-26,178.55
3472,2016-08-27,178.54
3473,2016-08-28,178.54
3474,2016-08-29,178.53
3475,2016-08-30,178.52
3476,2016-08-31,178.51
3477,2016-09-01,178.5
3478,2016-09-02,178.49
3479,2016-09-03,178.48
3480,2016-09-04,178.47
3481,2016-09-05,178.46
3482,2016-09-06,178.44
3483,2016-09-07,178.43
3484,2016-09-08,178.42
3485,2016-09-09,178.41
3486,2016-09-10,178.4
3487,2016-09-11,178.39
3488,2016-09-12,178.38
3489,2016-09-13,178.37
3490,2016-09-14,178.36
3491,2016-09-15,178.35
3492,2016-09-16,178.34
3493,2016-09-17,178.33
3494,2016-09-18,178.32
3495,2016-09-19,178.31
3496,2016-09-20,178.3
3497,2016-09-21,178.29
3498,2016-09-22,178.28
3499,2016-09-23,178.27
3500,2016-09-24,178.26
3501,2016-09-25,178.25
3502,2016-09-26,178.24
3503,2016-09-27,178.23
3504,2016-09-28,178.22
3505,2016-09-29,178.21
3506,2016-09-30,178.21
3507,2016-10-01,178.2
3508,2016-10-02,178.19
3509,2016-10-03,178.18
3510,2016-10-04,178.17
3511,2016-10-05,178.16
3512,2016-10-06,178.16
3513,2016-10-07,178.15
3514,2016-10-08,178.15
3515,2016-10-09,178.14
3516,2016-10-10,178.13
3517,2016-10-11,178.13
3518,2016-10-12,178.12
3519,2016-10-13,178.12
3520,2016-10-14,178.11
3521,2016-10-15,178.11
3522,2016-10-16,178.11
3523,2016-10-17,178.11
3524,2016-10-18,178.1
3525,2016-10-19,178.1
3526,2016-10-20,178.1
3527,2016-10-21,178.09
3528,2016-10-22,178.09
3529,2016-10-23,178.08
3530,2016-10-24,178.09
3531,2016-10-25,178.1
3532,2016-10-26,178.1
3533,2016-10-27,178.1
3534,2016-10-28,178.1
3535,2016-10-29,178.1
3536,2016-10-30,178.09
3537,2016-10-31,178.09
3538,2016-11-01,178.08
3539,2016-11-02,178.08
3540,2016-11-03,178.07
3541,2016-11-04,178.07
3542,2016-11-05,178.06
3543,2016-11-06,178.06
3544,2016-11-07,178.06
3545,2016-11-08,178.06
3546,2016-11-09,178.05
3547,2016-11-10,178.05
3548,2016-11-11,178.06
3549,2016-11-12,178.06
3550,2016-11-13,178.06
3551,2016-11-14,178.05
3552,2016-11-15,178.05
3553,2016-11-16,178.06
3554,2016-11-17,178.06
3555,2016-11-18,178.05
3556,2016-11-19,178.05
3557,2016-11-20,178.05
3558,2016-11-21,178.05
3559,2016-11-22,178.05
3560,2016-11-23,178.06
3561,2016-11-24,178.03
3562,2016-11-25,178.03
3563,2016-11-26,178.03
3564,2016-11-27,178.03
3565,2016-11-28,178.03
3566,2016-11-29,178.03
3567,2016-11-30,178.02
3568,2016-12-01,178.02
3569,2016-12-02,178.02
3570,2016-12-03,178.01
3571,2016-12-04,178.01
3572,2016-12-05,178.01
3573,2016-12-06,178.0
3574,2016-12-07,178.0
3575,2016-12-08,178.0
3576,2016-12-09,178.0
3577,2016-12-10,178.0
3578,2016-12-11,177.99
3579,2016-12-12,177.99
3580,2016-12-13,177.99
3581,2016-12-14,177.98
3582,2016-12-15,177.98
3583,2016-12-16,177.98
3584,2016-12-17,177.97
3585,2016-12-18,177.97
3586,2016-12-19,177.97
3587,2016-12-20,177.97
3588,2016-12-21,177.97
3589,2016-12-22,177.96
3590,2016-12-23,177.96
3591,2016-12-24,177.96
3592,2016-12-25,177.96
3593,2016-12-26,177.96
3594,2016-12-27,177.96
3595,2016-12-28,177.96
3596,2016-12-29,177.96
3597,2016-12-30,177.96
3598,2016-12-31,177.96
3599,2017-01-01,177.96
3600,2017-01-02,177.96
3601,2017-01-03,177.95
3602,2017-01-04,177.95
3603,2017-01-05,177.95
3604,2017-01-06,177.94
3605,2017-01-07,177.94
3606,2017-01-08,177.94
3607,2017-01-09,177.94
3608,2017-01-10,177.94
3609,2017-01-11,177.93
3610,2017-01-12,177.93
3611,2017-01-13,177.93
3612,2017-01-14,177.94
3613,2017-01-15,177.94
3614,2017-01-16,177.94
3615,2017-01-17,177.94
3616,2017-01-18,177.94
3617,2017-01-19,177.94
3618,2017-01-20,177.94
3619,2017-01-21,177.94
3620,2017-01-22,177.93
3621,2017-01-23,177.93
3622,2017-01-24,177.93
3623,2017-01-25,177.92
3624,2017-01-26,177.92
3625,2017-01-27,177.92
3626,2017-01-28,177.92
3627,2017-01-29,177.92
3628,2017-01-30,177.92
3629,2017-01-31,177.92
3630,2017-02-01,177.92
3631,2017-02-02,177.92
3632,2017-02-03,177.92
3633,2017-02-04,177.93
3634,2017-02-05,177.94
3635,2017-02-06,177.95
3636,2017-02-07,177.97
3637,2017-02-08,177.98
3638,2017-02-09,177.99
3639,2017-02-10,177.99
3640,2017-02-11,177.99
3641,2017-02-12,177.99
3642,2017-02-13,178.0
3643,2017-02-14,178.0
3644,2017-02-15,178.0
3645,2017-02-16,178.01
3646,2017-02-17,178.01
3647,2017-02-18,178.02
3648,2017-02-19,178.03
3649,2017-02-20,178.03
3650,2017-02-21,178.04
3651,2017-02-22,178.04
3652,2017-02-23,178.05
3653,2017-02-24,178.05
3654,2017-02-25,178.05
3655,2017-02-26,178.06
3656,2017-02-27,178.06
3657,2017-02-28,178.07
3658,2017-03-01,178.08
3659,2017-03-02,178.13
3660,2017-03-03,178.17
3661,2017-03-04,178.21
3662,2017-03-05,178.25
3663,2017-03-06,178.33
3664,2017-03-07,178.44
3665,2017-03-08,178.53
3666,2017-03-09,178.59
3667,2017-03-10,178.62
3668,2017-03-11,178.63
3669,2017-03-12,178.64
3670,2017-03-13,178.64
3671,2017-03-14,178.62
3672,2017-03-15,178.61
3673,2017-03-16,178.6
3674,2017-03-17,178.59
3675,2017-03-18,178.57
3676,2017-03-19,178.56
3677,2017-03-20,178.55
3678,2017-03-21,178.53
3679,2017-03-22,178.52
3680,2017-03-23,178.51
3681,2017-03-24,178.49
3682,2017-03-25,178.47
3683,2017-03-26,178.46
3684,2017-03-27,178.43
3685,2017-03-28,178.41
3686,2017-03-29,178.4
3687,2017-03-30,178.38
3688,2017-03-31,178.37
3689,2017-04-01,178.36
3690,2017-04-02,178.35
3691,2017-04-03,178.34
3692,2017-04-04,178.32
3693,2017-04-05,178.32
3694,2017-04-06,178.31
3695,2017-04-07,178.3
3696,2017-04-08,178.3
3697,2017-04-09,178.29
3698,2017-04-10,178.28
3699,2017-04-11,178.27
3700,2017-04-12,178.27
3701,2017-04-13,178.26
3702,2017-04-14,178.25
3703,2017-04-15,178.24
3704,2017-04-16,178.23
3705,2017-04-17,178.22
3706,2017-04-18,178.22
3707,2017-04-19,178.21
3708,2017-04-20,178.2
3709,2017-04-21,178.2
3710,2017-04-22,178.19
3711,2017-04-23,178.18
3712,2017-04-24,178.17
3713,2017-04-25,178.17
3714,2017-04-26,178.16
3715,2017-04-27,178.15
3716,2017-04-28,178.14
3717,2017-04-29,178.14
3718,2017-04-30,178.13
3719,2017-05-01,178.12
3720,2017-05-02,178.11
3721,2017-05-03,178.11
3722,2017-05-04,178.1
3723,2017-05-05,178.1
3724,2017-05-06,178.1
3725,2017-05-07,178.09
3726,2017-05-08,178.1
3727,2017-05-09,178.1
3728,2017-05-10,178.1
3729,2017-05-11,178.09
3730,2017-05-12,178.09
3731,2017-05-13,178.08
3732,2017-05-14,178.08
3733,2017-05-15,178.07
3734,2017-05-16,178.07
3735,2017-05-17,178.07
3736,2017-05-18,178.07
3737,2017-05-19,178.07
3738,2017-05-20,178.07
3739,2017-05-21,178.07
3740,2017-05-22,178.07
3741,2017-05-23,178.07
3742,2017-05-24,178.06
3743,2017-05-25,178.06
3744,2017-05-26,178.06
3745,2017-05-27,178.05
3746,2017-05-28,178.05
3747,2017-05-29,178.05
3748,2017-05-30,178.05
3749,2017-05-31,178.06
3750,2017-06-01,178.06
3751,2017-06-02,178.06
3752,2017-06-03,178.06
3753,2017-06-04,178.05
3754,2017-06-05,178.05
3755,2017-06-06,178.06
3756,2017-06-07,178.05
3757,2017-06-08,178.1
3758,2017-06-09,178.09
3759,2017-06-10,178.09
3760,2017-06-11,178.09
3761,2017-06-12,178.09
3762,2017-06-13,178.09
3763,2017-06-14,178.09
3764,2017-06-15,178.08
3765,2017-06-16,178.08
3766,2017-06-17,178.07
3767,2017-06-18,178.07
3768,2017-06-19,178.07
3769,2017-06-20,178.06
3770,2017-06-21,178.06
3771,2017-06-22,178.05
3772,2017-06-23,178.05
3773,2017-06-24,178.05
3774,2017-06-25,178.04
3775,2017-06-26,178.04
3776,2017-06-27,178.04
3777,2017-06-28,178.03
3778,2017-06-29,178.03
3779,2017-06-30,178.03
3780,2017-07-01,178.03
3781,2017-07-02,178.04
3782,2017-07-03,178.04
3783,2017-07-04,178.05
3784,2017-07-05,178.04
3785,2017-07-06,178.04
3786,2017-07-07,178.04
3787,2017-07-08,178.04
3788,2017-07-09,178.03
3789,2017-07-10,178.03
3790,2017-07-11,178.02
3791,2017-07-12,178.02
3792,2017-07-13,178.02
3793,2017-07-14,178.02
3794,2017-07-15,178.02
3795,2017-07-16,178.01
3796,2017-07-17,178.01
3797,2017-07-18,178.01
3798,2017-07-19,178.01
3799,2017-07-20,178.01
3800,2017-07-21,178.01
3801,2017-07-22,178.0
3802,2017-07-23,178.0
3803,2017-07-24,178.0
3804,2017-07-25,178.01
3805,2017-07-26,178.01
3806,2017-07-27,178.01
3807,2017-07-28,178.01
3808,2017-07-29,178.02
3809,2017-07-30,178.02
3810,2017-07-31,178.02
3811,2017-08-01,178.02
3812,2017-08-02,178.01
3813,2017-08-03,178.01
3814,2017-08-04,178.01
3815,2017-08-05,178.01
3816,2017-08-06,178.01
3817,2017-08-07,178.0
3818,2017-08-08,178.0
3819,2017-08-09,178.0
3820,2017-08-10,177.99
3821,2017-08-11,177.99
3822,2017-08-12,177.99
3823,2017-08-13,177.99
3824,2017-08-14,177.99
3825,2017-08-15,177.99
3826,2017-08-16,178.0
3827,2017-08-17,178.01
3828,2017-08-18,178.08
3829,2017-08-19,178.16
3830,2017-08-20,178.21
3831,2017-08-21,178.25
3832,2017-08-22,178.26
3833,2017-08-23,178.27
3834,2017-08-24,178.27
3835,2017-08-25,178.25
3836,2017-08-26,178.26
3837,2017-08-27,178.27
3838,2017-08-28,178.28
3839,2017-08-29,178.28
3840,2017-08-30,178.28
3841,2017-08-31,178.28
3842,2017-09-01,178.27
3843,2017-09-02,178.26
3844,2017-09-03,178.25
3845,2017-09-04,178.24
3846,2017-09-05,178.22
3847,2017-09-06,178.21
3848,2017-09-07,178.2
3849,2017-09-08,178.19
3850,2017-09-09,178.19
3851,2017-09-10,178.19
3852,2017-09-11,178.2
3853,2017-09-12,178.2
3854,2017-09-13,178.21
3855,2017-09-14,178.53
3856,2017-09-15,178.66
3857,2017-09-16,178.7
3858,2017-09-17,178.71
3859,2017-09-18,178.71
3860,2017-09-19,178.7
3861,2017-09-20,178.68
3862,2017-09-21,178.66
3863,2017-09-22,178.64
3864,2017-09-23,178.61
3865,2017-09-24,178.58
3866,2017-09-25,178.55
3867,2017-09-26,178.52
3868,2017-09-27,178.5
3869,2017-09-28,178.47
3870,2017-09-29,178.43
3871,2017-09-30,178.63
3872,2017-10-01,178.73
3873,2017-10-02,178.74
3874,2017-10-03,178.74
3875,2017-10-04,178.74
3876,2017-10-05,178.73
3877,2017-10-06,178.72
3878,2017-10-07,178.71
3879,2017-10-08,178.71
3880,2017-10-09,178.7
3881,2017-10-10,178.69
3882,2017-10-11,178.68
3883,2017-10-12,178.67
3884,2017-10-13,178.65
3885,2017-10-14,178.63
3886,2017-10-15,178.61
3887,2017-10-16,178.59
3888,2017-10-17,178.57
3889,2017-10-18,178.55
3890,2017-10-19,178.53
3891,2017-10-20,178.51
3892,2017-10-21,178.49
3893,2017-10-22,178.47
3894,2017-10-23,178.45
3895,2017-10-24,178.42
3896,2017-10-25,178.4
3897,2017-10-26,178.38
3898,2017-10-27,178.36
3899,2017-10-28,178.34
3900,2017-10-29,178.32
3901,2017-10-30,178.3
3902,2017-10-31,178.29
3903,2017-11-01,178.27
3904,2017-11-02,178.26
3905,2017-11-03,178.25
3906,2017-11-04,178.24
3907,2017-11-05,178.23
3908,2017-11-06,178.21
3909,2017-11-07,178.2
3910,2017-11-08,178.2
3911,2017-11-09,178.18
3912,2017-11-10,178.17
3913,2017-11-11,178.16
3914,2017-11-12,178.21
3915,2017-11-13,178.27
3916,2017-11-14,178.31
3917,2017-11-15,178.32
3918,2017-11-16,178.33
3919,2017-11-17,178.34
3920,2017-11-18,178.34
3921,2017-11-19,178.34
3922,2017-11-20,178.34
3923,2017-11-21,178.34
3924,2017-11-22,178.34
3925,2017-11-23,178.34
3926,2017-11-24,178.35
3927,2017-11-25,178.36
3928,2017-11-26,178.38
3929,2017-11-27,178.39
3930,2017-11-28,178.48
3931,2017-11-29,178.58
3932,2017-11-30,178.63
3933,2017-12-01,178.66
3934,2017-12-02,178.69
3935,2017-12-03,178.7
3936,2017-12-04,178.7
3937,2017-12-05,178.7
3938,2017-12-06,178.7
3939,2017-12-07,178.7
3940,2017-12-08,178.7
3941,2017-12-09,178.7
3942,2017-12-10,178.7
3943,2017-12-11,178.73
3944,2017-12-12,178.74
3945,2017-12-13,178.75
3946,2017-12-14,178.79
3947,2017-12-15,178.82
3948,2017-12-16,178.85
3949,2017-12-17,178.86
3950,2017-12-18,178.87
3951,2017-12-19,178.86
3952,2017-12-20,178.85
3953,2017-12-21,178.84
3954,2017-12-22,178.83
3955,2017-12-23,178.82
3956,2017-12-24,178.81
3957,2017-12-25,178.81
3958,2017-12-26,178.81
3959,2017-12-27,178.81
3960,2017-12-28,178.81
3961,2017-12-29,178.8
3962,2017-12-30,178.8
3963,2017-12-31,178.81
3964,2018-01-01,178.82
3965,2018-01-02,178.84
3966,2018-01-03,178.87
3967,2018-01-04,178.91
3968,2018-01-05,178.96
3969,2018-01-06,178.99
3970,2018-01-07,179.01
3971,2018-01-08,179.01
3972,2018-01-09,179.0
3973,2018-01-10,178.99
3974,2018-01-11,178.98
3975,2018-01-12,178.96
3976,2018-01-13,178.95
3977,2018-01-14,178.94
3978,2018-01-15,178.93
3979,2018-01-16,178.92
3980,2018-01-17,178.92
3981,2018-01-18,178.93
3982,2018-01-19,178.94
3983,2018-01-20,178.96
3984,2018-01-21,178.97
3985,2018-01-22,179.06
3986,2018-01-23,179.21
3987,2018-01-24,179.29
3988,2018-01-25,179.3
3989,2018-01-26,179.3
3990,2018-01-27,179.27
3991,2018-01-28,179.23
3992,2018-01-29,179.18
3993,2018-01-30,179.15
3994,2018-01-31,179.13
3995,2018-02-01,179.17
3996,2018-02-02,179.18
3997,2018-02-03,179.18
3998,2018-02-04,179.18
3999,2018-02-05,179.18
4000,2018-02-06,179.18
4001,2018-02-07,179.17
4002,2018-02-08,179.15
4003,2018-02-09,179.12
4004,2018-02-10,179.1
4005,2018-02-11,179.08
4006,2018-02-12,179.09
4007,2018-02-13,179.08
4008,2018-02-14,179.08
4009,2018-02-15,179.07
4010,2018-02-16,179.07
4011,2018-02-17,179.08
4012,2018-02-18,179.07
4013,2018-02-19,179.07
4014,2018-02-20,179.06
4015,2018-02-21,179.05
4016,2018-02-22,179.04
4017,2018-02-23,179.03
4018,2018-02-24,179.01
4019,2018-02-25,179.0
4020,2018-02-26,178.99
4021,2018-02-27,178.98
4022,2018-02-28,178.98
4023,2018-03-01,178.97
4024,2018-03-02,178.97
4025,2018-03-03,178.97
4026,2018-03-04,178.96
4027,2018-03-05,178.95
4028,2018-03-06,178.95
4029,2018-03-07,178.94
4030,2018-03-08,178.93
4031,2018-03-09,178.92
4032,2018-03-10,178.92
4033,2018-03-11,178.91
4034,2018-03-12,178.91
4035,2018-03-13,178.9
4036,2018-03-14,178.89
4037,2018-03-15,178.88
4038,2018-03-16,178.87
4039,2018-03-17,178.87
4040,2018-03-18,178.88
4041,2018-03-19,178.88
4042,2018-03-20,178.88
4043,2018-03-21,178.87
4044,2018-03-22,178.86
4045,2018-03-23,178.86
4046,2018-03-24,178.86
4047,2018-03-25,178.86
4048,2018-03-26,178.85
4049,2018-03-27,178.84
4050,2018-03-28,178.84
4051,2018-03-29,178.84
4052,2018-03-30,178.84
4053,2018-03-31,178.83
4054,2018-04-01,178.83
4055,2018-04-02,178.82
4056,2018-04-03,178.82
4057,2018-04-04,178.82
4058,2018-04-05,178.82
4059,2018-04-06,178.81
4060,2018-04-07,178.81
4061,2018-04-08,178.81
4062,2018-04-09,178.81
4063,2018-04-10,178.81
4064,2018-04-11,178.8
4065,2018-04-12,178.8
4066,2018-04-13,178.8
4067,2018-04-14,178.8
4068,2018-04-15,178.79
4069,2018-04-16,178.79
4070,2018-04-17,178.79
4071,2018-04-18,178.78
4072,2018-04-19,178.78
4073,2018-04-20,178.78
4074,2018-04-21,178.77
4075,2018-04-22,178.77
4076,2018-04-23,178.77
4077,2018-04-24,178.77
4078,2018-04-25,178.77
4079,2018-04-26,178.76
4080,2018-04-27,178.76
4081,2018-04-28,178.76
4082,2018-04-29,178.75
4083,2018-04-30,178.76
4084,2018-05-01,178.75
4085,2018-05-02,178.75
4086,2018-05-03,178.74
4087,2018-05-04,178.74
4088,2018-05-05,178.73
4089,2018-05-06,178.73
4090,2018-05-07,178.73
4091,2018-05-08,178.72
4092,2018-05-09,178.72
4093,2018-05-10,178.72
4094,2018-05-11,178.71
4095,2018-05-12,178.71
4096,2018-05-13,178.71
4097,2018-05-14,178.7
4098,2018-05-15,178.7
4099,2018-05-16,178.7
4100,2018-05-17,178.7
4101,2018-05-18,178.69
4102,2018-05-19,178.69
4103,2018-05-20,178.68
4104,2018-05-21,178.68
4105,2018-05-22,178.68
4106,2018-05-23,178.68
4107,2018-05-24,178.67
4108,2018-05-25,178.67
4109,2018-05-26,178.67
4110,2018-05-27,178.66
4111,2018-05-28,178.66
4112,2018-05-29,178.65
4113,2018-05-30,178.65
4114,2018-05-31,178.65
4115,2018-06-01,178.64
4116,2018-06-02,178.64
4117,2018-06-03,178.64
4118,2018-06-04,178.63
4119,2018-06-05,178.63
4120,2018-06-06,178.63
4121,2018-06-07,178.65
4122,2018-06-08,178.67
4123,2018-06-09,178.68
4124,2018-06-10,178.69
4125,2018-06-11,178.7
4126,2018-06-12,178.75
4127,2018-06-13,178.78
4128,2018-06-14,178.78
4129,2018-06-15,178.78
4130,2018-06-16,178.77
4131,2018-06-17,178.76
4132,2018-06-18,178.75
4133,2018-06-19,178.74
4134,2018-06-20,178.73
4135,2018-06-21,178.72
4136,2018-06-22,178.71
4137,2018-06-23,178.7
4138,2018-06-24,178.69
4139,2018-06-25,178.69
4140,2018-06-26,178.68
4141,2018-06-27,178.67
4142,2018-06-28,178.66
4143,2018-06-29,178.65
4144,2018-06-30,178.64
4145,2018-07-01,178.63
4146,2018-07-02,178.62
4147,2018-07-03,178.62
4148,2018-07-04,178.61
4149,2018-07-05,178.6
4150,2018-07-06,178.6
4151,2018-07-07,178.59
4152,2018-07-08,178.59
4153,2018-07-09,178.58
4154,2018-07-10,178.57
4155,2018-07-11,178.57
4156,2018-07-12,178.56
4157,2018-07-13,178.56
4158,2018-07-14,178.56
4159,2018-07-15,178.55
4160,2018-07-16,178.55
4161,2018-07-17,178.54
4162,2018-07-18,178.54
4163,2018-07-19,178.54
4164,2018-07-20,178.53
4165,2018-07-21,178.52
4166,2018-07-22,178.52
4167,2018-07-23,178.51
4168,2018-07-24,178.5
4169,2018-07-25,178.49
4170,2018-07-26,178.48
4171,2018-07-27,178.48
4172,2018-07-28,178.47
4173,2018-07-29,178.47
4174,2018-07-30,178.46
4175,2018-07-31,178.45
4176,2018-08-01,178.44
4177,2018-08-02,178.43
4178,2018-08-03,178.42
4179,2018-08-04,178.41
4180,2018-08-05,178.4
4181,2018-08-06,178.39
4182,2018-08-07,178.38
4183,2018-08-08,178.37
4184,2018-08-09,178.36
4185,2018-08-10,178.34
4186,2018-08-11,178.33
4187,2018-08-12,178.31
4188,2018-08-13,178.3
4189,2018-08-14,178.29
4190,2018-08-15,178.28
4191,2018-08-16,178.27
4192,2018-08-17,178.26
4193,2018-08-18,178.25
4194,2018-08-19,178.24
4195,2018-08-20,178.23
4196,2018-08-21,178.22
4197,2018-08-22,178.21
4198,2018-08-23,178.21
4199,2018-08-24,178.2
4200,2018-08-25,178.2
4201,2018-08-26,178.19
4202,2018-08-27,178.18
4203,2018-08-28,178.17
4204,2018-08-29,178.17
4205,2018-08-30,178.16
4206,2018-08-31,178.15
4207,2018-09-01,178.15
4208,2018-09-02,178.14
4209,2018-09-03,178.13
4210,2018-09-04,178.13
4211,2018-09-05,178.12
4212,2018-09-06,178.11
4213,2018-09-07,178.11
4214,2018-09-08,178.11
4215,2018-09-09,178.1
4216,2018-09-10,178.1
4217,2018-09-11,178.09
4218,2018-09-12,178.09
4219,2018-09-13,178.08
4220,2018-09-14,178.08
4221,2018-09-15,178.07
4222,2018-09-16,178.07
4223,2018-09-17,178.06
4224,2018-09-18,178.06
4225,2018-09-19,178.04
4226,2018-09-20,178.04
4227,2018-09-21,178.04
4228,2018-09-22,178.04
4229,2018-09-23,178.03
4230,2018-09-24,178.03
4231,2018-09-25,178.03
4232,2018-09-26,178.02
4233,2018-09-27,178.02
4234,2018-09-28,178.02
4235,2018-09-29,178.01
4236,2018-09-30,178.01
4237,2018-10-01,178.01
4238,2018-10-02,178.0
4239,2018-10-03,178.0
4240,2018-10-04,178.0
4241,2018-10-05,178.0
4242,2018-10-06,177.99
4243,2018-10-07,177.99
4244,2018-10-08,177.99
4245,2018-10-09,177.98
4246,2018-10-10,177.98
4247,2018-10-11,177.98
4248,2018-10-12,177.98
4249,2018-10-13,177.98
4250,2018-10-14,177.98
4251,2018-10-15,177.98
4252,2018-10-16,177.97
4253,2018-10-17,177.97
4254,2018-10-18,177.97
4255,2018-10-19,177.97
4256,2018-10-20,177.96
4257,2018-10-21,177.96
4258,2018-10-22,177.96
4259,2018-10-23,177.96
4260,2018-10-24,177.95
4261,2018-10-25,177.95
4262,2018-10-26,177.95
4263,2018-10-27,177.95
4264,2018-10-28,177.95
4265,2018-10-29,177.95
4266,2018-10-30,177.94
4267,2018-10-31,177.94
4268,2018-11-01,177.95
4269,2018-11-02,177.95
4270,2018-11-03,177.95
4271,2018-11-04,177.95
4272,2018-11-05,177.94
4273,2018-11-06,177.94
4274,2018-11-07,177.94
4275,2018-11-08,177.94
4276,2018-11-09,177.93
4277,2018-11-10,177.93
4278,2018-11-11,177.93
4279,2018-11-12,177.96
4280,2018-11-13,177.97
4281,2018-11-14,177.97
4282,2018-11-15,177.98
4283,2018-11-16,177.98
4284,2018-11-17,177.97
4285,2018-11-18,177.97
4286,2018-11-19,177.97
4287,2018-11-20,177.96
4288,2018-11-21,177.96
4289,2018-11-22,177.96
4290,2018-11-23,177.96
4291,2018-11-24,177.96
4292,2018-11-25,177.98
4293,2018-11-26,177.99
4294,2018-11-27,177.99
4295,2018-11-28,178.01
4296,2018-11-29,178.04
4297,2018-11-30,178.04
4298,2018-12-01,178.05
4299,2018-12-02,178.06
4300,2018-12-03,178.08
4301,2018-12-04,178.09
4302,2018-12-05,178.1
4303,2018-12-06,178.11
4304,2018-12-07,178.11
4305,2018-12-08,178.12
4306,2018-12-09,178.13
4307,2018-12-10,178.15
4308,2018-12-11,178.17
4309,2018-12-12,178.19
4310,2018-12-13,178.19
4311,2018-12-14,178.2
4312,2018-12-15,178.21
4313,2018-12-16,178.24
4314,2018-12-17,178.26
4315,2018-12-18,178.29
4316,2018-12-19,178.3
4317,2018-12-20,178.32
4318,2018-12-21,178.34
4319,2018-12-22,178.37
4320,2018-12-23,178.39
4321,2018-12-24,178.43
4322,2018-12-25,178.47
4323,2018-12-26,178.53
4324,2018-12-27,178.58
4325,2018-12-28,178.6
4326,2018-12-29,178.62
4327,2018-12-30,178.63
4328,2018-12-31,178.64
4329,2019-01-01,178.64
4330,2019-01-02,178.64
4331,2019-01-03,178.63
4332,2019-01-04,178.61
4333,2019-01-05,178.59
4334,2019-01-06,178.57
4335,2019-01-07,178.55
4336,2019-01-08,178.53
4337,2019-01-09,178.51
4338,2019-01-10,178.49
4339,2019-01-11,178.46
4340,2019-01-12,178.44
4341,2019-01-13,178.42
4342,2019-01-14,178.4
4343,2019-01-15,178.38
4344,2019-01-16,178.36
4345,2019-01-17,178.34
4346,2019-01-18,178.33
4347,2019-01-19,178.32
4348,2019-01-20,178.3
4349,2019-01-21,178.29
4350,2019-01-22,178.28
4351,2019-01-23,178.27
4352,2019-01-24,178.27
4353,2019-01-25,178.26
4354,2019-01-26,178.27
4355,2019-01-27,178.3
4356,2019-01-28,178.35
4357,2019-01-29,178.39
4358,2019-01-30,178.43
4359,2019-01-31,178.48
4360,2019-02-01,178.52
4361,2019-02-02,178.55
4362,2019-02-03,178.57
4363,2019-02-04,178.58
4364,2019-02-05,178.58
4365,2019-02-06,178.59
4366,2019-02-07,178.6
4367,2019-02-08,178.61
4368,2019-02-09,178.62
4369,2019-02-10,178.64
4370,2019-02-11,178.66
4371,2019-02-12,178.66
4372,2019-02-13,178.67
4373,2019-02-14,178.68
4374,2019-02-18,178.72
4375,2019-02-22,178.72
4376,2019-03-02,178.67
4377,2019-03-11,178.67
4378,2019-03-12,178.69
4379,2019-03-13,178.71
4380,2019-03-14,178.73
4381,2019-03-15,178.75
4382,2019-03-16,178.76
4383,2019-03-17,178.77
4384,2019-03-18,178.78
4385,2019-03-19,178.78
4386,2019-03-20,178.79
4387,2019-03-21,178.79
4388,2019-03-22,178.79
4389,2019-03-23,178.79
4390,2019-03-24,178.79
4391,2019-03-25,178.78
4392,2019-03-26,178.78
4393,2019-03-27,178.78
4394,2019-03-28,178.78
4395,2019-03-29,178.77
4396,2019-03-30,178.77
4397,2019-03-31,178.77
4398,2019-04-01,178.77
4399,2019-04-02,178.77
4400,2019-04-03,178.77
4401,2019-04-04,178.77
4402,2019-04-05,178.77
4403,2019-04-06,178.76
4404,2019-04-07,178.76
4405,2019-04-08,178.75
4406,2019-04-09,178.75
4407,2019-04-10,178.75
4408,2019-04-11,178.75
4409,2019-04-12,178.74
4410,2019-04-13,178.74
4411,2019-04-14,178.73
4412,2019-04-29,178.68
4413,2019-04-30,178.68
4414,2019-05-01,178.68
4415,2019-05-02,178.67
4416,2019-05-03,178.67
4417,2019-05-04,178.66
4418,2019-05-05,178.65
4419,2019-05-06,178.65
4420,2019-05-07,178.64
4421,2019-05-08,178.64
4422,2019-05-09,178.65
4423,2019-05-10,178.65
4424,2019-05-11,178.79
4425,2019-05-12,178.85
4426,2019-05-13,178.86
4427,2019-05-14,178.85
4428,2019-05-15,178.83
4429,2019-05-16,178.82
4430,2019-05-17,178.81
4431,2019-05-18,178.8
4432,2019-05-19,178.79
4433,2019-05-20,178.79
4434,2019-05-21,178.79
4435,2019-05-22,178.78
4436,2019-05-23,178.78
4437,2019-05-24,178.78
4438,2019-05-25,178.77
4439,2019-05-26,178.77
4440,2019-05-27,178.77
4441,2019-05-27,178.77
4442,2019-05-28,178.77
4443,2019-05-29,178.77
4444,2019-05-30,178.76
4445,2019-05-31,178.76
4446,2019-06-01,178.76
4447,2019-06-02,178.76
4448,2019-06-03,178.75
4449,2019-06-03,178.75
4450,2019-06-04,178.75
4451,2019-06-05,178.75
4452,2019-06-06,178.75
4453,2019-06-07,178.75
4454,2019-06-08,178.75
4455,2019-06-09,178.74
4456,2019-06-10,178.74
4457,2019-06-11,178.74
4458,2019-06-11,178.74
4459,2019-06-12,178.74
4460,2019-06-13,178.74
4461,2019-06-14,178.74
4462,2019-06-15,178.74
4463,2019-06-16,178.74
4464,2019-06-17,178.74
4465,2019-06-17,178.74
4466,2019-06-17,178.74
4467,2019-06-17,178.74
4468,2019-06-17,178.74
4469,2019-06-17,178.74
4470,2019-06-17,178.74
4471,2019-06-17,178.74
4472,2019-06-17,178.74
4473,2019-06-17,178.74
4474,2019-06-18,178.74
4475,2019-06-25,178.71
4476,2019-06-26,178.71
4477,2019-06-27,178.7
4478,2019-06-28,178.69
4479,2019-06-29,178.69
4480,2019-06-30,178.69
4481,2019-06-30,178.69
4482,2019-06-30,178.69
4483,2019-06-30,178.69
4484,2019-06-30,178.69
4485,2019-06-30,178.69
4486,2019-06-30,178.69
4487,2019-07-01,178.69
4488,2019-07-02,178.69
4489,2019-07-03,178.68
4490,2019-07-04,178.67
4491,2019-07-05,178.65
4492,2019-07-06,178.64
4493,2019-07-07,178.63
4494,2019-07-08,178.62
4495,2019-07-08,178.62
4496,2019-07-08,178.62
4497,2019-07-08,178.62
4498,2019-07-08,178.62
4499,2019-07-08,178.62
4500,2019-07-08,178.62
4501,2019-07-08,178.62
4502,2019-07-08,178.62
4503,2019-07-08,178.62
4504,2019-07-08,178.62
4505,2019-07-09,178.61
4506,2019-07-10,178.6
4507,2019-07-11,178.59
4508,2019-07-12,178.59
4509,2019-07-13,178.58
4510,2019-07-14,178.57
4511,2019-07-15,178.57
4512,2019-07-16,178.56
4513,2019-07-17,178.55
4514,2019-07-18,178.55
4515,2019-07-19,178.54
4516,2019-07-20,178.53
4517,2019-07-21,178.53
4518,2019-07-22,178.52
4519,2019-07-22,178.52
4520,2019-07-23,178.51
4521,2019-07-24,178.5
4522,2019-07-25,178.49
4523,2019-07-26,178.48
4524,2019-07-27,178.47
4525,2019-07-28,178.47
4526,2019-07-29,178.46
4527,2019-07-29,178.46
4528,2019-07-29,178.46
4529,2019-07-29,178.46
4530,2019-07-29,178.46
4531,2019-07-29,178.46
4532,2019-07-29,178.46
4533,2019-07-29,178.46
4534,2019-07-30,178.45
4535,2019-07-31,178.44
4536,2019-08-01,178.43
4537,2019-08-02,178.42
4538,2019-08-03,178.41
4539,2019-08-04,178.4
4540,2019-08-05,178.38
4541,2019-08-05,178.38
4542,2019-08-05,178.38
4543,2019-08-05,178.38
4544,2019-08-05,178.38
4545,2019-08-05,178.38
4546,2019-08-05,178.38
4547,2019-08-05,178.38
4548,2019-08-06,178.37
4549,2019-08-07,178.36
4550,2019-08-08,178.35
4551,2019-08-09,178.34
4552,2019-08-10,178.34
4553,2019-08-11,178.32
4554,2019-08-12,178.32
4555,2019-08-12,178.32
4556,2019-08-12,178.32
4557,2019-08-12,178.32
4558,2019-08-12,178.32
4559,2019-08-12,178.32
4560,2019-08-12,178.32
4561,2019-08-13,178.31
4562,2019-08-14,178.3
4563,2019-08-15,178.29
4564,2019-08-16,178.28
4565,2019-08-17,178.27
4566,2019-08-18,178.28
4567,2019-08-19,178.28
4568,2019-08-19,178.28
4569,2019-08-19,178.28
4570,2019-08-19,178.28
4571,2019-08-19,178.28
4572,2019-08-19,178.28
4573,2019-08-19,178.28
4574,2019-08-19,178.28
4575,2019-08-20,178.27
4576,2019-08-21,178.26
4577,2019-08-22,178.25
4578,2019-08-23,178.24
4579,2019-08-24,178.23
4580,2019-08-25,178.22
4581,2019-08-25,178.22
4582,2019-08-25,178.22
4583,2019-08-25,178.22
4584,2019-08-25,178.22
4585,2019-08-25,178.22
4586,2019-08-25,178.22
4587,2019-08-25,178.22
4588,2019-08-26,178.21
4589,2019-08-27,178.2
4590,2019-08-28,178.19
4591,2019-08-29,178.18
4592,2019-08-30,178.17
4593,2019-08-31,178.16
4594,2019-09-01,178.15
4595,2019-09-02,178.14
4596,2019-09-02,178.14
4597,2019-09-02,178.14
4598,2019-09-02,178.14
4599,2019-09-02,178.14
4600,2019-09-02,178.14
4601,2019-09-02,178.14
4602,2019-09-03,178.14
4603,2019-09-04,178.13
4604,2019-09-05,178.12
4605,2019-09-06,178.12
4606,2019-09-07,178.11
4607,2019-09-08,178.1
4608,2019-09-09,178.1
4609,2019-09-09,178.1
4610,2019-09-09,178.1
4611,2019-09-09,178.1
4612,2019-09-09,178.1
4613,2019-09-09,178.1
4614,2019-09-09,178.1
4615,2019-09-10,178.09
4616,2019-09-11,178.09
4617,2019-09-12,178.08
4618,2019-09-13,178.08
4619,2019-09-14,178.07
4620,2019-09-15,178.07
4621,2019-09-16,178.07
4622,2019-09-17,178.06
4623,2019-09-18,178.06
4624,2019-09-19,178.06
4625,2019-09-20,178.05
4626,2019-09-21,178.05
4627,2019-09-22,178.05
4628,2019-09-23,178.04
4629,2019-09-24,178.04
4630,2019-09-25,178.04
4631,2019-09-26,178.03
4632,2019-09-27,178.03
4633,2019-09-28,178.03
4634,2019-09-29,178.04
4635,2019-09-30,178.03
4636,2019-10-01,178.03
4637,2019-10-02,178.03
4638,2019-10-03,178.03
4639,2019-10-04,178.03
4640,2019-10-05,178.03
4641,2019-10-06,178.03
4642,2019-10-07,178.03
4643,2019-10-08,178.05
4644,2019-10-09,178.11
4645,2019-10-10,178.13
4646,2019-10-11,178.13
4647,2019-10-12,178.13
4648,2019-10-13,178.13
4649,2019-10-14,178.12
4650,2019-10-15,178.11
4651,2019-10-16,178.11
4652,2019-10-17,178.11
4653,2019-10-18,178.1
4654,2019-10-19,178.1
4655,2019-10-20,178.14
4656,2019-10-21,178.19
4657,2019-10-22,178.21
4658,2019-10-23,178.23
4659,2019-10-24,178.24
4660,2019-10-25,178.25
4661,2019-10-26,178.26
4662,2019-10-27,178.27
4663,2019-10-28,178.28
4664,2019-10-29,178.28
4665,2019-10-30,178.28
4666,2019-10-31,178.28
4667,2019-11-01,178.27
4668,2019-11-02,178.29
4669,2019-11-03,178.32
4670,2019-11-04,178.36
4671,2019-11-05,178.39
4672,2019-11-06,178.41
4673,2019-11-07,178.47
4674,2019-11-08,178.51
4675,2019-11-09,178.53
4676,2019-11-10,178.54
4677,2019-11-11,178.54
4678,2019-11-12,178.54
4679,2019-11-12,178.55
4680,2019-11-13,178.55
4681,2019-11-14,178.54
4682,2019-11-15,178.54
4683,2019-11-16,178.54
4684,2019-11-17,178.54
4685,2019-11-18,178.53
4686,2019-11-19,178.54
4687,2019-11-20,178.54
4688,2019-11-21,178.54
4689,2019-11-22,178.54
4690,2019-11-23,178.55
4691,2019-11-24,178.55
4692,2019-11-25,178.55
4693,2019-11-25,178.55
4694,2019-11-25,178.55
4695,2019-11-25,178.55
4696,2019-11-25,178.55
4697,2019-11-25,178.55
4698,2019-11-25,178.55
4699,2019-11-25,178.55
4700,2019-11-25,178.55
4701,2019-11-25,178.55
4702,2019-11-26,178.54
4703,2019-11-27,178.55
4704,2019-11-28,178.56
4705,2019-11-29,178.56
4706,2019-11-30,178.56
4707,2019-12-01,178.57
4708,2019-12-02,178.57
4709,2019-12-02,178.57
4710,2019-12-02,178.57
4711,2019-12-02,178.57
4712,2019-12-02,178.57
4713,2019-12-02,178.57
4714,2019-12-02,178.57
4715,2019-12-02,178.57
4716,2019-12-03,178.56
4717,2019-12-04,178.56
4718,2019-12-05,178.55
4719,2019-12-06,178.54
4720,2019-12-07,178.54
4721,2019-12-08,178.54
4722,2019-12-09,178.54
4723,2019-12-09,178.54
4724,2019-12-09,178.54
4725,2019-12-09,178.54
4726,2019-12-09,178.54
4727,2019-12-10,178.54
4728,2019-12-11,178.55
4729,2019-12-12,178.57
4730,2019-12-13,178.58
4731,2019-12-13,178.58
4732,2019-12-13,178.61
4733,2019-12-14,178.65
4734,2019-12-15,178.71
4735,2019-12-16,178.76
4736,2019-12-17,178.78
4737,2019-12-18,178.78
4738,2019-12-19,178.78
4739,2019-12-19,178.78
4740,2019-12-19,178.78
4741,2019-12-19,178.78
4742,2019-12-19,178.78
4743,2019-12-19,178.78
4744,2019-12-19,178.78
4745,2019-12-19,178.78
4746,2019-12-19,178.78
4747,2019-12-19,178.78
4748,2019-12-19,178.78
4749,2019-12-19,178.78
4750,2019-12-19,178.78
4751,2019-12-19,178.78
4752,2019-12-19,178.79
4753,2019-12-20,178.79
4754,2019-12-21,178.79
4755,2019-12-22,178.79
4756,2019-12-23,178.78
4757,2019-12-24,178.78
4758,2019-12-25,178.78
4759,2019-12-26,178.77
4760,2019-12-27,178.78
4761,2019-12-28,178.79
4762,2019-12-29,178.8
4763,2019-12-30,178.8
4764,2019-12-31,178.8
4765,2020-01-01,178.79
4766,2020-01-02,178.79
4767,2020-01-02,178.79
4768,2020-01-02,178.79
4769,2020-01-02,178.79
4770,2020-01-02,178.79
4771,2020-01-02,178.79
4772,2020-01-03,178.79
4773,2020-01-04,178.78
4774,2020-01-05,178.78
4775,2020-01-06,178.77
4776,2020-01-06,178.77
4777,2020-01-06,178.77
4778,2020-01-06,178.77
4779,2020-01-06,178.77
4780,2020-01-06,178.77
4781,2020-01-06,178.77
4782,2020-01-06,178.77
4783,2020-01-07,178.77
4784,2020-01-08,178.76
4785,2020-01-09,178.76
4786,2020-01-10,178.75
4787,2020-01-11,178.75
4788,2020-01-12,178.74
4789,2020-01-13,178.74
4790,2020-01-13,178.74
4791,2020-01-13,178.74
4792,2020-01-13,178.74
4793,2020-01-13,178.74
4794,2020-01-13,178.74
4795,2020-01-13,178.74
4796,2020-01-13,178.74
4797,2020-01-14,178.73
4798,2020-01-15,178.73
4799,2020-01-16,178.72
4800,2020-01-17,178.72
4801,2020-01-18,178.71
4802,2020-01-19,178.71
4803,2020-01-20,178.7
4804,2020-01-20,178.7
4805,2020-01-20,178.7
4806,2020-01-20,178.7
4807,2020-01-20,178.7
4808,2020-01-20,178.7
4809,2020-01-21,178.69
4810,2020-01-22,178.69
4811,2020-01-23,178.69
4812,2020-01-24,178.69
4813,2020-01-25,178.68
4814,2020-01-26,178.68
4815,2020-01-27,178.68
4816,2020-01-27,178.68
4817,2020-01-27,178.68
4818,2020-01-27,178.68
4819,2020-01-27,178.68
4820,2020-01-27,178.68
4821,2020-01-27,178.69
4822,2020-01-28,178.69
4823,2020-01-29,178.7
4824,2020-01-30,178.7
4825,2020-01-31,178.7
4826,2020-02-01,178.7
4827,2020-02-01,178.7
4828,2020-02-01,178.7
4829,2020-02-01,178.7
4830,2020-02-01,178.7
4831,2020-02-01,178.7
4832,2020-02-01,178.71
4833,2020-02-02,178.72
4834,2020-02-03,178.79
4835,2020-02-04,178.87
4836,2020-02-05,178.91
4837,2020-02-06,178.93
4838,2020-02-07,178.93
4839,2020-02-08,178.93
4840,2020-02-09,178.93
4841,2020-02-10,178.93
4842,2020-02-10,178.93
4843,2020-02-10,178.93
4844,2020-02-10,178.93
4845,2020-02-10,178.93
4846,2020-02-10,178.93
4847,2020-02-10,178.93
4848,2020-02-10,178.93
4849,2020-02-10,178.93
4850,2020-02-11,178.94
4851,2020-02-12,178.94
4852,2020-02-13,178.95
4853,2020-02-14,178.95
4854,2020-02-15,178.95
4855,2020-02-16,178.95
4856,2020-02-17,178.94
4857,2020-02-17,178.94
4858,2020-02-17,178.94
4859,2020-02-17,178.94
4860,2020-02-17,178.94
4861,2020-02-17,178.94
4862,2020-02-17,178.94
4863,2020-02-17,178.94
4864,2020-02-17,178.94
4865,2020-02-17,178.94
4866,2020-02-17,178.95
4867,2020-02-18,178.95
4868,2020-02-19,178.95
4869,2020-02-20,178.95
4870,2020-02-21,178.95
4871,2020-02-22,178.94
4872,2020-02-23,178.94
4873,2020-02-24,178.94
4874,2020-02-24,178.94
4875,2020-02-24,178.94
4876,2020-02-24,178.94
4877,2020-02-25,178.94
4878,2020-02-26,178.94
4879,2020-02-27,178.95
4880,2020-02-28,178.96
4881,2020-02-29,178.96
4882,2020-03-01,178.96
4883,2020-03-01,178.96
4884,2020-03-01,178.96
4885,2020-03-01,178.96
4886,2020-03-01,178.96
4887,2020-03-01,178.97
4888,2020-03-02,178.98
4889,2020-03-03,179.0
4890,2020-03-04,179.01
4891,2020-03-05,179.04
4892,2020-03-06,179.06
4893,2020-03-07,179.07
4894,2020-03-08,179.08
4895,2020-03-09,179.08
4896,2020-03-09,179.09
4897,2020-03-10,179.1
4898,2020-03-11,179.11
4899,2020-03-12,179.11
4900,2020-03-13,179.11
4901,2020-03-14,179.11
4902,2020-03-15,179.1
4903,2020-03-16,179.1
4904,2020-03-16,179.1
4905,2020-03-16,179.1
4906,2020-03-16,179.1
4907,2020-03-16,179.1
4908,2020-03-16,179.1
4909,2020-03-16,179.1
4910,2020-03-16,179.1
4911,2020-03-16,179.1
4912,2020-03-17,179.09
4913,2020-03-18,179.08
4914,2020-03-19,179.08
4915,2020-03-20,179.07
4916,2020-03-21,179.06
4917,2020-03-22,179.05
4918,2020-03-23,179.04
4919,2020-03-23,179.04
4920,2020-03-23,179.04
4921,2020-03-23,179.04
4922,2020-03-23,179.04
4923,2020-03-23,179.04
4924,2020-03-23,179.04
4925,2020-03-23,179.04
4926,2020-03-24,179.02
4927,2020-03-25,179.01
4928,2020-03-26,179.0
4929,2020-03-27,179.0
4930,2020-03-28,178.99
4931,2020-03-29,178.98
4932,2020-03-30,178.97
4933,2020-03-30,178.97
4934,2020-03-30,178.97
4935,2020-03-30,178.97
4936,2020-03-30,178.97
4937,2020-03-30,178.97
4938,2020-03-30,178.97
4939,2020-03-31,178.96
4940,2020-04-01,178.95
4941,2020-04-02,178.94
4942,2020-04-03,178.93
4943,2020-04-04,178.92
4944,2020-04-05,178.91
4945,2020-04-06,178.9
4946,2020-04-06,178.9
4947,2020-04-06,178.9
4948,2020-04-06,178.9
4949,2020-04-06,178.9
4950,2020-04-07,178.88
4951,2020-04-08,178.87
4952,2020-04-09,178.86
4953,2020-04-10,178.85
4954,2020-04-10,178.85
4955,2020-04-10,178.85
4956,2020-04-10,178.85
4957,2020-04-10,178.85
4958,2020-04-10,178.85
4959,2020-04-10,178.85
4960,2020-04-10,178.85
4961,2020-04-10,178.85
4962,2020-04-10,178.85
4963,2020-04-10,178.85
4964,2020-04-11,178.84
4965,2020-04-12,178.83
4966,2020-04-13,178.83
4967,2020-04-14,178.82
4968,2020-04-15,178.81
4969,2020-04-16,178.8
4970,2020-04-17,178.8
4971,2020-04-18,178.79
4972,2020-04-19,178.79
4973,2020-04-20,178.78
4974,2020-04-20,178.78
4975,2020-04-20,178.78
4976,2020-04-20,178.78
4977,2020-04-20,178.78
4978,2020-04-20,178.78
4979,2020-04-20,178.78
4980,2020-04-20,178.78
4981,2020-04-20,178.78
4982,2020-04-21,178.78
4983,2020-04-22,178.77
4984,2020-04-23,178.77
4985,2020-04-24,178.76
4986,2020-04-25,178.75
4987,2020-04-26,178.75
4988,2020-04-27,178.74
4989,2020-04-27,178.74
4990,2020-04-27,178.74
4991,2020-04-28,178.74
4992,2020-04-29,178.73
4993,2020-04-30,178.73
4994,2020-04-30,178.73
4995,2020-04-30,178.73
4996,2020-04-30,178.73
4997,2020-04-30,178.73
4998,2020-04-30,178.73
4999,2020-04-30,178.73
5000,2020-04-30,178.73
5001,2020-04-30,178.73
5002,2020-04-30,178.73
5003,2020-04-30,178.73
5004,2020-04-30,178.73
5005,2020-05-01,178.72
5006,2020-05-02,178.72
5007,2020-05-03,178.71
5008,2020-05-04,178.71
5009,2020-05-05,178.7
5010,2020-05-06,178.69
5011,2020-05-07,178.68
5012,2020-05-08,178.68
5013,2020-05-09,178.67
5014,2020-05-10,178.67
5015,2020-05-11,178.66
5016,2020-05-12,178.66
5017,2020-05-13,178.65
5018,2020-05-14,178.65
5019,2020-05-15,178.64
5020,2020-05-16,178.63
5021,2020-05-17,178.62
5022,2020-05-18,178.61
5023,2020-05-19,178.61
5024,2020-05-20,178.6
5025,2020-05-21,178.6
5026,2020-05-22,178.59
5027,2020-05-23,178.59
5028,2020-05-24,178.58
5029,2020-05-25,178.58
5030,2020-05-26,178.57
5031,2020-05-27,178.56
5032,2020-05-28,178.56
5033,2020-05-29,178.55
5034,2020-05-30,178.55
5035,2020-05-31,178.54
5036,2020-06-01,178.54
5037,2020-06-02,178.54
5038,2020-06-03,178.53
5039,2020-06-04,178.53
5040,2020-06-05,178.54
5041,2020-06-06,178.54
5042,2020-06-07,178.53
5043,2020-06-08,178.52
5044,2020-06-09,178.51
5045,2020-06-10,178.5
5046,2020-06-11,178.49
5047,2020-06-12,178.48
5048,2020-06-13,178.47
5049,2020-06-14,178.46
5050,2020-06-15,178.45
5051,2020-06-16,178.44
5052,2020-06-17,178.43
5053,2020-06-18,178.42
5054,2020-06-19,178.41
5055,2020-06-20,178.4
5056,2020-06-21,178.39
5057,2020-06-22,178.38
5058,2020-06-23,178.37
5059,2020-06-24,178.36
5060,2020-06-25,178.35
5061,2020-06-26,178.34
5062,2020-06-27,178.34
5063,2020-06-28,178.34
5064,2020-06-29,178.34
5065,2020-06-30,178.34
5066,2020-07-01,178.34
5067,2020-07-02,178.33
5068,2020-07-03,178.32
5069,2020-07-04,178.3
5070,2020-07-05,178.29
5071,2020-07-06,178.28
5072,2020-07-07,178.27
5073,2020-07-08,178.26
5074,2020-07-09,178.25
5075,2020-07-10,178.24
5076,2020-07-11,178.23
5077,2020-07-12,178.22
5078,2020-07-13,178.21
5079,2020-07-14,178.2
5080,2020-07-15,178.19
5081,2020-07-16,178.19
5082,2020-07-17,178.19
5083,2020-07-18,178.18
5084,2020-07-19,178.17
5085,2020-07-20,178.16
5086,2020-07-21,178.15
5087,2020-07-22,178.14
5088,2020-07-23,178.14
5089,2020-07-24,178.13
5090,2020-07-25,178.12
5091,2020-07-26,178.12
5092,2020-07-27,178.12
5093,2020-07-28,178.13
5094,2020-07-29,178.12
5095,2020-07-30,178.12
5096,2020-07-31,178.11
5097,2020-08-01,178.11
5098,2020-08-02,178.1
5099,2020-08-03,178.09
5100,2020-08-04,178.09
5101,2020-08-05,178.08
5102,2020-08-06,178.08
5103,2020-08-07,178.07
5104,2020-08-08,178.07
5105,2020-08-09,178.06
5106,2020-08-10,178.06
5107,2020-08-11,178.06
5108,2020-08-12,178.05
5109,2020-08-13,178.05
5110,2020-08-14,178.05
5111,2020-08-15,178.04
5112,2020-08-16,178.05
5113,2020-08-17,178.05
5114,2020-08-18,178.04
5115,2020-08-19,178.04
5116,2020-08-20,178.03
5117,2020-08-21,178.02
5118,2020-08-22,178.02
5119,2020-08-23,178.02
5120,2020-08-24,178.01
5121,2020-08-25,178.01
5122,2020-08-26,178.01
5123,2020-08-27,178.0
5124,2020-08-28,178.0
5125,2020-08-29,178.0
5126,2020-08-30,177.99
5127,2020-08-31,177.99
5128,2020-09-01,177.99
5129,2020-09-02,177.99
5130,2020-09-03,177.98
5131,2020-09-04,177.98
5132,2020-09-05,177.97
5133,2020-09-06,177.97
5134,2020-09-07,177.97
5135,2020-09-08,177.97
5136,2020-09-09,177.96
5137,2020-09-10,177.96
5138,2020-09-11,177.96
5139,2020-09-12,177.96
5140,2020-09-13,177.95
5141,2020-09-14,177.95
5142,2020-09-15,177.95
5143,2020-09-16,177.95
5144,2020-09-17,177.95
5145,2020-09-18,177.94
5146,2020-09-19,177.94
5147,2020-09-20,177.94
5148,2020-09-21,177.93
5149,2020-09-22,177.93
5150,2020-09-23,177.94
5151,2020-09-24,177.94
5152,2020-09-25,177.94
5153,2020-09-26,177.93
5154,2020-09-27,177.93
5155,2020-09-28,177.97
5156,2020-09-29,178.0
5157,2020-09-30,178.01
5158,2020-10-01,178.01
5159,2020-10-02,178.05
5160,2020-10-03,178.13
5161,2020-10-04,178.19
5162,2020-10-05,178.24
5163,2020-10-06,178.29
5164,2020-10-07,178.32
5165,2020-10-08,178.34
5166,2020-10-09,178.37
5167,2020-10-10,178.4
5168,2020-10-11,178.41
5169,2020-10-12,178.41
5170,2020-10-13,178.39
5171,2020-10-14,178.38
5172,2020-10-15,178.36
5173,2020-10-16,178.34
5174,2020-10-17,178.33
5175,2020-10-18,178.31
5176,2020-10-19,178.3
5177,2020-10-20,178.28
5178,2020-10-21,178.28
5179,2020-10-22,178.3
5180,2020-10-23,178.3
5181,2020-10-24,178.29
5182,2020-10-25,178.28
5183,2020-10-26,178.29
5184,2020-10-27,178.3
5185,2020-10-28,178.3
5186,2020-10-29,178.31
5187,2020-10-30,178.31
5188,2020-10-31,178.31
5189,2020-11-01,178.31
5190,2020-11-02,178.32
5191,2020-11-03,178.31
5192,2020-11-04,178.31
5193,2020-11-05,178.3
5194,2020-11-06,178.29
5195,2020-11-07,178.27
5196,2020-11-08,178.26
5197,2020-11-09,178.25
5198,2020-11-10,178.23
5199,2020-11-11,178.22
5200,2020-11-12,178.21
5201,2020-11-13,178.19
5202,2020-11-14,178.18
5203,2020-11-15,178.17
5204,2020-11-16,178.16
5205,2020-11-17,178.15
5206,2020-11-18,178.14
5207,2020-11-19,178.13
5208,2020-11-20,178.12
5209,2020-11-21,178.11
5210,2020-11-22,178.1
5211,2020-11-23,178.09
5212,2020-11-24,178.09
5213,2020-11-25,178.08
5214,2020-11-26,178.07
5215,2020-11-27,178.06
5216,2020-11-28,178.05
5217,2020-11-29,178.05
5218,2020-11-30,178.04
5219,2020-12-01,178.04
5220,2020-12-02,178.04
5221,2020-12-03,178.04
5222,2020-12-04,178.05
5223,2020-12-05,178.07
5224,2020-12-06,178.08
5225,2020-12-07,178.09
5226,2020-12-08,178.09
5227,2020-12-09,178.09
5228,2020-12-10,178.09
5229,2020-12-11,178.09
5230,2020-12-12,178.1
5231,2020-12-13,178.13
5232,2020-12-14,178.17
5233,2020-12-15,178.19
5234,2020-12-16,178.2
5235,2020-12-17,178.22
5236,2020-12-18,178.23
5237,2020-12-19,178.24
5238,2020-12-20,178.25
5239,2020-12-21,178.25
5240,2020-12-22,178.27
5241,2020-12-23,178.33
5242,2020-12-24,178.39
5243,2020-12-25,178.51
5244,2020-12-26,178.68
5245,2020-12-27,178.73
5246,2020-12-28,178.78
5247,2020-12-29,178.79
5248,2020-12-30,178.8
5249,2020-12-31,178.8
5250,2021-01-01,178.8
5251,2021-01-02,178.79
5252,2021-01-03,178.79
5253,2021-01-04,178.78
5254,2021-01-05,178.77
5255,2021-01-06,178.77
5256,2021-01-07,178.76
5257,2021-01-08,178.75
5258,2021-01-09,178.75
5259,2021-01-10,178.74
5260,2021-01-11,178.73
5261,2021-01-12,178.72
5262,2021-01-13,178.71
5263,2021-01-14,178.71
5264,2021-01-15,178.73
5265,2021-01-16,178.73
5266,2021-01-17,178.74
5267,2021-01-18,178.74
5268,2021-01-19,178.76
5269,2021-01-20,178.77
5270,2021-01-21,178.78
5271,2021-01-22,178.78
5272,2021-01-23,178.8
5273,2021-01-24,178.82
5274,2021-01-25,178.84
5275,2021-01-26,178.85
5276,2021-01-27,178.86
5277,2021-01-28,178.86
5278,2021-01-29,178.86
5279,2021-01-30,178.87
5280,2021-01-31,178.89
5281,2021-02-01,178.92
5282,2021-02-02,178.95
5283,2021-02-03,178.98
5284,2021-02-04,179.0
5285,2021-02-05,179.01
5286,2021-02-06,179.02
5287,2021-02-07,179.02
5288,2021-02-08,179.03
5289,2021-02-09,179.03
5290,2021-02-10,179.03
5291,2021-02-11,179.02
5292,2021-02-12,179.01
5293,2021-02-13,179.0
5294,2021-02-14,178.99
5295,2021-02-15,178.98
5296,2021-02-16,178.97
5297,2021-02-17,178.97
5298,2021-02-18,178.96
5299,2021-02-19,178.96
5300,2021-02-20,178.95
5301,2021-02-21,178.94
5302,2021-02-22,178.94
5303,2021-02-23,178.92
5304,2021-02-24,178.91
5305,2021-02-25,178.9
5306,2021-02-26,178.89
5307,2021-02-27,178.88
5308,2021-02-28,178.87
5309,2021-03-01,178.86
5310,2021-03-02,178.85
5311,2021-03-03,178.84
5312,2021-03-04,178.83
5313,2021-03-05,178.83
5314,2021-03-06,178.82
5315,2021-03-07,178.81
5316,2021-03-08,178.8
5317,2021-03-09,178.8
5318,2021-03-10,178.79
5319,2021-03-11,178.79
5320,2021-03-12,178.78
5321,2021-03-13,178.78
5322,2021-03-14,178.77
5323,2021-03-15,178.77
5324,2021-03-16,178.76
5325,2021-03-17,178.75
5326,2021-03-18,178.75
5327,2021-03-19,178.75
5328,2021-03-20,178.74
5329,2021-03-21,178.73
5330,2021-03-22,178.73
5331,2021-03-23,178.72
5332,2021-03-24,178.72
5333,2021-03-25,178.71
5334,2021-03-26,178.71
5335,2021-03-27,178.71
5336,2021-03-28,178.7
5337,2021-03-29,178.7
5338,2021-03-30,178.69
5339,2021-03-31,178.69
5340,2021-04-01,178.69
5341,2021-04-02,178.69
5342,2021-04-03,178.68
5343,2021-04-04,178.68
5344,2021-04-05,178.68
5345,2021-04-06,178.67
5346,2021-04-07,178.67
5347,2021-04-08,178.67
5348,2021-04-09,178.66
5349,2021-04-10,178.66
5350,2021-04-11,178.66
5351,2021-04-12,178.65
5352,2021-04-13,178.65
5353,2021-04-14,178.64
5354,2021-04-15,178.63
5355,2021-04-16,178.62
5356,2021-04-17,178.62
5357,2021-04-18,178.61
5358,2021-04-19,178.61
5359,2021-04-20,178.6
5360,2021-04-21,178.6
5361,2021-04-22,178.6
5362,2021-04-23,178.59
5363,2021-04-24,178.58
5364,2021-04-25,178.58
5365,2021-04-26,178.58
5366,2021-04-27,178.58
5367,2021-04-28,178.58
5368,2021-04-29,178.57
5369,2021-04-30,178.57
5370,2021-05-01,178.56
5371,2021-05-02,178.56
5372,2021-05-03,178.55
5373,2021-05-04,178.55
5374,2021-05-05,178.55
5375,2021-05-06,178.54
5376,2021-05-07,178.53
5377,2021-05-08,178.53
5378,2021-05-09,178.53
5379,2021-05-10,178.53
5380,2021-05-11,178.52
5381,2021-05-12,178.51
5382,2021-05-13,178.5
5383,2021-05-14,178.49
5384,2021-05-15,178.48
5385,2021-05-16,178.48
5386,2021-05-17,178.47
5387,2021-05-18,178.46
5388,2021-05-19,178.46
5389,2021-05-20,178.46
5390,2021-05-21,178.46
5391,2021-05-22,178.46
5392,2021-05-23,178.45
5393,2021-05-24,178.44
5394,2021-05-25,178.44
5395,2021-05-26,178.44
5396,2021-05-27,178.47
5397,2021-05-28,178.48
5398,2021-05-29,178.48
5399,2021-05-30,178.47
5400,2021-05-31,178.47
5401,2021-06-01,178.47
5402,2021-06-02,178.46
5403,2021-06-03,178.45
5404,2021-06-04,178.45
5405,2021-06-05,178.47
5406,2021-06-06,178.47
5407,2021-06-07,178.47
5408,2021-06-08,178.47
5409,2021-06-09,178.46
5410,2021-06-10,178.46
5411,2021-06-11,178.46
5412,2021-06-12,178.46
5413,2021-06-13,178.46
5414,2021-06-14,178.45
5415,2021-06-15,178.45
5416,2021-06-16,178.45
5417,2021-06-17,178.45
5418,2021-06-18,178.45
5419,2021-06-19,178.44
5420,2021-06-20,178.43
5421,2021-06-21,178.44
5422,2021-06-22,178.43
5423,2021-06-23,178.43
5424,2021-06-24,178.42
5425,2021-06-25,178.41
5426,2021-06-26,178.4
5427,2021-06-27,178.39
5428,2021-06-28,178.38
5429,2021-06-29,178.38
5430,2021-06-30,178.44
5431,2021-07-01,178.49
5432,2021-07-02,178.53
5433,2021-07-03,178.55
5434,2021-07-04,178.56
5435,2021-07-05,178.57
5436,2021-07-06,178.57
5437,2021-07-07,178.57
5438,2021-07-08,178.56
5439,2021-07-09,178.55
5440,2021-07-10,178.54
5441,2021-07-11,178.54
5442,2021-07-12,178.53
5443,2021-07-13,178.53
5444,2021-07-14,178.56
5445,2021-07-15,178.81
5446,2021-07-16,178.8
5447,2021-07-17,178.79
5448,2021-07-18,178.78
5449,2021-07-19,178.78
5450,2021-07-20,178.77
5451,2021-07-21,178.76
5452,2021-07-22,178.75
5453,2021-07-23,178.75
5454,2021-07-24,178.74
5455,2021-07-25,178.73
5456,2021-07-26,178.73
5457,2021-07-27,178.72
5458,2021-07-28,178.71
5459,2021-07-29,178.7
5460,2021-07-30,178.69
5461,2021-07-31,178.68
5462,2021-08-01,178.68
5463,2021-08-02,178.66
5464,2021-08-03,178.65
5465,2021-08-04,178.64
5466,2021-08-05,178.63
5467,2021-08-06,178.62
5468,2021-08-07,178.61
5469,2021-08-08,178.59
5470,2021-08-09,178.58
5471,2021-08-10,178.57
5472,2021-08-11,178.56
5473,2021-08-12,178.55
5474,2021-08-13,178.54
5475,2021-08-14,178.53
5476,2021-08-15,178.52
5477,2021-08-16,178.51
5478,2021-08-17,178.5
5479,2021-08-18,178.48
5480,2021-08-19,178.47
5481,2021-08-20,178.46
5482,2021-08-21,178.45
5483,2021-08-22,178.44
5484,2021-08-23,178.42
5485,2021-08-24,178.42
5486,2021-08-25,178.41
5487,2021-08-26,178.41
5488,2021-08-27,178.4
5489,2021-08-28,178.38
5490,2021-08-29,178.37
5491,2021-08-30,178.36
5492,2021-08-31,178.35
5493,2021-09-01,178.34
5494,2021-09-02,178.33
5495,2021-09-03,178.32
5496,2021-09-04,178.31
5497,2021-09-05,178.3
5498,2021-09-06,178.29
5499,2021-09-07,178.28
5500,2021-09-08,178.27
5501,2021-09-09,178.26
5502,2021-09-10,178.26
5503,2021-09-11,178.28
5504,2021-09-12,178.3
5505,2021-09-13,178.3
5506,2021-09-14,178.29
5507,2021-09-15,178.31
5508,2021-09-16,178.35
5509,2021-09-17,178.39
5510,2021-09-18,178.41
5511,2021-09-19,178.42
5512,2021-09-20,178.42
5513,2021-09-21,178.42
5514,2021-09-22,178.41
5515,2021-09-23,178.4
5516,2021-09-24,178.39
5517,2021-09-25,178.38
5518,2021-09-26,178.36
5519,2021-09-27,178.35
5520,2021-09-28,178.34
5521,2021-09-29,178.33
5522,2021-09-30,178.32
5523,2021-10-01,178.31
5524,2021-10-02,178.31
5525,2021-10-03,178.31
5526,2021-10-04,178.34
5527,2021-10-05,178.36
5528,2021-10-06,178.37
5529,2021-10-07,178.38
5530,2021-10-08,178.38
5531,2021-10-09,178.38
5532,2021-10-10,178.38
5533,2021-10-11,178.38
5534,2021-10-12,178.37
5535,2021-10-13,178.36
5536,2021-10-14,178.35
5537,2021-10-15,178.34
5538,2021-10-16,178.33
5539,2021-10-17,178.32
5540,2021-10-18,178.31
5541,2021-10-19,178.3
5542,2021-10-20,178.29
5543,2021-10-21,178.29
5544,2021-10-22,178.28
5545,2021-10-23,178.27
5546,2021-10-24,178.27
5547,2021-10-25,178.26
5548,2021-10-26,178.25
5549,2021-10-27,178.25
5550,2021-10-28,178.24
5551,2021-10-29,178.24
5552,2021-10-30,178.23
5553,2021-10-31,178.25
5554,2021-11-01,178.27
5555,2021-11-02,178.3
5556,2021-11-03,178.34
5557,2021-11-04,178.39
5558,2021-11-05,178.44
5559,2021-11-06,178.48
5560,2021-11-07,178.5
5561,2021-11-08,178.5
5562,2021-11-09,178.49
5563,2021-11-10,178.47
5564,2021-11-11,178.45
5565,2021-11-12,178.44
5566,2021-11-13,178.42
5567,2021-11-14,178.4
5568,2021-11-15,178.39
5569,2021-11-16,178.38
5570,2021-11-17,178.37
5571,2021-11-18,178.36
5572,2021-11-19,178.35
5573,2021-11-20,178.33
5574,2021-11-21,178.32
5575,2021-11-22,178.31
5576,2021-11-23,178.3
5577,2021-11-24,178.29
5578,2021-11-25,178.28
5579,2021-11-26,178.27
5580,2021-11-27,178.27
5581,2021-11-28,178.26
5582,2021-11-29,178.26
5583,2021-11-30,178.26
5584,2021-12-01,178.26
5585,2021-12-02,178.26
5586,2021-12-03,178.26
5587,2021-12-04,178.3
5588,2021-12-05,178.4
5589,2021-12-06,178.5
5590,2021-12-07,178.55
5591,2021-12-08,178.57
5592,2021-12-09,178.59
5593,2021-12-10,178.59
5594,2021-12-11,178.62
5595,2021-12-12,178.64
5596,2021-12-13,178.65
5597,2021-12-14,178.66
5598,2021-12-15,178.66
5599,2021-12-16,178.65
5600,2021-12-17,178.65
5601,2021-12-18,178.65
5602,2021-12-19,178.65
5603,2021-12-20,178.64
5604,2021-12-21,178.64
5605,2021-12-22,178.64
5606,2021-12-23,178.63
5607,2021-12-24,178.62
5608,2021-12-25,178.61
5609,2021-12-26,178.62
5610,2021-12-27,178.63
5611,2021-12-28,178.65
5612,2021-12-29,178.67
5613,2021-12-30,178.69
5614,2021-12-31,178.69
5615,2022-01-01,178.69
5616,2022-01-02,178.7
5617,2022-01-03,178.7
5618,2022-01-04,178.76
5619,2022-01-05,178.77
5620,2022-01-06,178.78
5621,2022-01-07,178.79
5622,2022-01-08,178.82
5623,2022-01-09,178.86
5624,2022-01-10,178.88
5625,2022-01-11,178.9
5626,2022-01-12,178.91
5627,2022-01-13,178.91
5628,2022-01-14,178.91
5629,2022-01-15,178.9
5630,2022-01-16,178.89
5631,2022-01-17,178.89
5632,2022-01-18,178.88
5633,2022-01-19,178.88
5634,2022-01-20,178.88
5635,2022-01-21,178.87
5636,2022-01-22,178.86
5637,2022-01-23,178.85
5638,2022-01-24,178.85
5639,2022-01-25,178.83
5640,2022-01-26,178.83
5641,2022-01-27,178.82
5642,2022-01-28,178.81
5643,2022-01-29,178.81
5644,2022-01-30,178.8
5645,2022-01-31,178.8
5646,2022-02-01,178.79
5647,2022-02-02,178.79
5648,2022-02-03,178.79
5649,2022-02-04,178.78
5650,2022-02-05,178.78
5651,2022-02-06,178.77
5652,2022-02-07,178.77
5653,2022-02-08,178.77
5654,2022-02-09,178.76
5655,2022-02-10,178.76
5656,2022-02-11,178.76
5657,2022-02-12,178.75
5658,2022-02-13,178.75
5659,2022-02-14,178.75
5660,2022-02-15,178.75
5661,2022-02-16,178.75
5662,2022-02-17,178.75
5663,2022-02-18,178.75
5664,2022-02-19,178.75
5665,2022-02-20,178.74
5666,2022-02-21,178.74
5667,2022-02-22,178.74
5668,2022-02-23,178.73
5669,2022-02-24,178.73
5670,2022-02-25,178.73
5671,2022-02-26,178.72
5672,2022-02-27,178.72
5673,2022-02-28,178.72
5674,2022-03-01,178.71
5675,2022-03-02,178.71
5676,2022-03-03,178.71
5677,2022-03-04,178.71
5678,2022-03-05,178.71
5679,2022-03-06,178.7
5680,2022-03-07,178.7
5681,2022-03-08,178.7
5682,2022-03-09,178.69
5683,2022-03-10,178.68
5684,2022-03-11,178.68
5685,2022-03-12,178.68
5686,2022-03-13,178.67
5687,2022-03-14,178.66
5688,2022-03-15,178.66
5689,2022-03-16,178.65
5690,2022-03-17,178.65
5691,2022-03-18,178.64
5692,2022-03-19,178.63
5693,2022-03-20,178.63
5694,2022-03-21,178.63
5695,2022-03-22,178.62
5696,2022-03-23,178.62
5697,2022-03-24,178.61
5698,2022-03-25,178.61
5699,2022-03-26,178.61
5700,2022-03-27,178.61
5701,2022-03-28,178.6
5702,2022-03-29,178.6
5703,2022-03-30,178.6
5704,2022-03-31,178.61
5705,2022-04-01,178.61
5706,2022-04-02,178.61
5707,2022-04-03,178.6
5708,2022-04-04,178.59
5709,2022-04-05,178.59
5710,2022-04-06,178.59
5711,2022-04-07,178.59
5712,2022-04-08,178.59
5713,2022-04-09,178.65
5714,2022-04-10,178.7
5715,2022-04-11,178.72
5716,2022-04-12,178.72
5717,2022-04-13,178.71
5718,2022-04-14,178.7
5719,2022-04-15,178.69
5720,2022-04-16,178.68
5721,2022-04-17,178.68
5722,2022-04-18,178.67
5723,2022-04-19,178.67
5724,2022-04-20,178.67
5725,2022-04-21,178.67
5726,2022-04-22,178.67
5727,2022-04-23,178.67
5728,2022-04-24,178.67
5729,2022-04-25,178.66
5730,2022-04-26,178.65
5731,2022-04-27,178.64
5732,2022-04-28,178.62
5733,2022-04-29,178.61
5734,2022-05-02,178.58
5735,2022-05-03,178.58
5736,2022-05-04,178.57
5737,2022-05-05,178.57
5738,2022-05-06,178.56
5739,2022-05-07,178.56
5740,2022-05-08,178.55
5741,2022-05-09,178.55
5742,2022-05-10,178.55
5743,2022-05-11,178.54
5744,2022-05-12,178.54
5745,2022-05-13,178.53
5746,2022-05-14,178.53
5747,2022-05-15,178.52
5748,2022-05-16,178.52
5749,2022-05-17,178.51
5750,2022-05-18,178.5
5751,2022-05-19,178.49
5752,2022-05-20,178.48
5753,2022-05-21,178.47
5754,2022-05-22,178.47
5755,2022-05-23,178.46
5756,2022-05-24,178.46
5757,2022-05-25,178.46
5758,2022-05-26,178.45
5759,2022-05-27,178.44
5760,2022-05-30,178.43
5761,2022-05-31,178.42
5762,2022-06-01,178.41
5763,2022-06-02,178.4
5764,2022-06-03,178.39
5765,2022-06-04,178.37
5766,2022-06-05,178.36
5767,2022-06-06,178.36
5768,2022-06-07,178.35
5769,2022-06-08,178.35
5770,2022-06-09,178.35
5771,2022-06-10,178.35
5772,2022-06-11,178.35
5773,2022-06-12,178.34
5774,2022-06-13,178.34
5775,2022-06-14,178.33
5776,2022-06-15,178.32
5777,2022-06-16,178.32
5778,2022-06-17,178.3
5779,2022-06-18,178.29
5780,2022-06-19,178.29
5781,2022-06-20,178.28
5782,2022-06-21,178.3
5783,2022-06-22,178.32
5784,2022-06-23,178.32
5785,2022-06-24,178.31
5786,2022-06-25,178.3
5787,2022-06-26,178.29
5788,2022-06-27,178.28
5789,2022-06-28,178.26
5790,2022-06-29,178.26
5791,2022-06-30,178.25
5792,2022-07-01,178.25
5793,2022-07-02,178.27
5794,2022-07-03,178.28
5795,2022-07-04,178.28
5796,2022-07-05,178.26
5797,2022-07-06,178.26
5798,2022-07-07,178.25
5799,2022-07-08,178.25
5800,2022-07-09,178.24
5801,2022-07-10,178.24
5802,2022-07-11,178.24
5803,2022-07-12,178.23
5804,2022-07-13,178.22
5805,2022-07-14,178.22
5806,2022-07-16,178.21
5807,2022-07-17,178.2
5808,2022-07-18,178.2
5809,2022-07-19,178.21
5810,2022-07-20,178.22
5811,2022-07-21,178.22
5812,2022-07-22,178.22
5813,2022-07-23,178.22
5814,2022-07-24,178.21
5815,2022-07-25,178.19
5816,2022-07-26,178.18
5817,2022-07-27,178.16
5818,2022-07-28,178.14
5819,2022-07-29,178.14
5820,2022-07-30,178.13
5821,2022-07-31,178.12
5822,2022-08-01,178.12
5823,2022-08-02,178.12
5824,2022-08-03,178.11
5825,2022-08-04,178.11
5826,2022-08-05,178.1
5827,2022-08-06,178.1
5828,2022-08-07,178.1
5829,2022-08-08,178.09
5830,2022-08-09,178.09
5831,2022-08-10,178.09
5832,2022-08-11,178.08
5833,2022-08-12,178.08
5834,2022-08-13,178.08
5835,2022-08-14,178.07
5836,2022-08-15,178.07
5837,2022-08-16,178.07
5838,2022-08-17,178.07
5839,2022-08-18,178.06
5840,2022-08-19,178.06
5841,2022-08-20,178.05
5842,2022-08-21,178.05
5843,2022-08-22,178.04
5844,2022-08-23,178.04
5845,2022-08-24,178.03
5846,2022-08-25,178.03
5847,2022-08-26,178.03
5848,2022-08-27,178.03
5849,2022-08-28,178.02
5850,2022-08-29,178.02
5851,2022-08-30,178.02
5852,2022-08-31,178.02
5853,2022-09-01,178.01
5854,2022-09-02,178.01
5855,2022-09-03,178.01
5856,2022-09-04,178.01
5857,2022-09-05,178.0
5858,2022-09-06,178.0
5859,2022-09-07,178.0
5860,2022-09-08,177.99
5861,2022-09-09,177.99
5862,2022-09-10,177.98
5863,2022-09-11,177.98
5864,2022-09-12,177.98
5865,2022-09-13,177.98
5866,2022-09-14,177.97
5867,2022-09-15,177.97
5868,2022-09-16,177.97
5869,2022-09-17,177.96
5870,2022-09-18,177.96
5871,2022-09-19,177.97
5872,2022-09-20,177.96
5873,2022-09-21,177.96
5874,2022-09-22,177.95
5875,2022-09-23,177.95
5876,2022-09-24,177.95
5877,2022-09-25,177.95
5878,2022-09-26,177.95
5879,2022-09-27,177.95
5880,2022-09-28,177.95
5881,2022-09-29,177.95
5882,2022-09-30,177.95
5883,2022-10-01,177.95
5884,2022-10-02,177.97
5885,2022-10-03,177.98
5886,2022-10-04,177.99
5887,2022-10-05,177.99
5888,2022-10-06,177.99
5889,2022-10-07,177.99
5890,2022-10-08,177.98
5891,2022-10-09,177.97
5892,2022-10-10,177.97
5893,2022-10-11,177.96
5894,2022-10-12,177.96
5895,2022-10-13,177.95
5896,2022-10-14,177.95
5897,2022-10-15,177.94
5898,2022-10-16,177.95
5899,2022-10-17,177.95
5900,2022-10-18,177.96
5901,2022-10-19,178.04
5902,2022-10-20,178.09
5903,2022-10-21,178.1
5904,2022-10-22,178.19
5905,2022-10-23,178.37
5906,2022-10-24,178.37
5907,2022-10-25,178.39
5908,2022-10-26,178.39
5909,2022-10-27,178.37
5910,2022-10-28,178.34
5911,2022-10-29,178.31
5912,2022-10-30,178.29
5913,2022-10-31,178.26
5914,2022-11-01,178.25
5915,2022-11-02,178.23
5916,2022-11-03,178.21
5917,2022-11-04,178.2
5918,2022-11-05,178.18
5919,2022-11-06,178.17
5920,2022-11-07,178.16
5921,2022-11-08,178.15
5922,2022-11-09,178.14
5923,2022-11-10,178.12
5924,2022-11-11,178.11
5925,2022-11-12,178.1
5926,2022-11-13,178.09
5927,2022-11-14,178.08
5928,2022-11-15,178.07
5929,2022-11-16,178.07
5930,2022-11-17,178.06
5931,2022-11-18,178.09
5932,2022-11-19,178.13
5933,2022-11-20,178.16
5934,2022-11-21,178.18
5935,2022-11-22,178.21
5936,2022-11-23,178.23
5937,2022-11-24,178.24
5938,2022-11-25,178.25
5939,2022-11-26,178.25
5940,2022-11-27,178.26
5941,2022-11-28,178.26
5942,2022-11-29,178.27
5943,2022-11-30,178.26
5944,2022-12-01,178.26
5945,2022-12-02,178.25
5946,2022-12-03,178.25
5947,2022-12-04,178.24
5948,2022-12-05,178.24
5949,2022-12-06,178.25
5950,2022-12-07,178.27
5951,2022-12-08,178.27
5952,2022-12-09,178.27
5953,2022-12-10,178.27
5954,2022-12-11,178.27
5955,2022-12-12,178.26
5956,2022-12-13,178.25
5957,2022-12-14,178.24
5958,2022-12-15,178.23
5959,2022-12-16,178.21
5960,2022-12-17,178.2
5961,2022-12-18,178.19
5962,2022-12-19,178.18
5963,2022-12-20,178.17
5964,2022-12-21,178.16
5965,2022-12-22,178.16
5966,2022-12-23,178.17
5967,2022-12-24,178.21
5968,2022-12-25,178.25
5969,2022-12-26,178.28
5970,2022-12-27,178.3
5971,2022-12-28,178.31
5972,2022-12-29,178.31
5973,2022-12-30,178.3
5974,2022-12-31,178.3
5975,2023-01-01,178.31
5976,2023-01-02,178.33
5977,2023-01-03,178.34
5978,2023-01-04,178.35
5979,2023-01-05,178.36
5980,2023-01-06,178.38
5981,2023-01-07,178.39
5982,2023-01-08,178.41
5983,2023-01-09,178.42
5984,2023-01-10,178.43
5985,2023-01-11,178.44
5986,2023-01-12,178.46
5987,2023-01-13,178.5
5988,2023-01-14,178.53
5989,2023-01-15,178.56
5990,2023-01-16,178.66
5991,2023-01-17,178.73
5992,2023-01-18,178.76
5993,2023-01-19,178.76
5994,2023-01-20,178.76
5995,2023-01-21,178.75
5996,2023-01-22,178.74
5997,2023-01-23,178.73
5998,2023-01-24,178.72
5999,2023-01-25,178.71
6000,2023-01-26,178.7
6001,2023-01-27,178.69
6002,2023-01-28,178.67
6003,2023-01-29,178.66
6004,2023-01-30,178.64
6005,2023-01-31,178.62
6006,2023-02-01,178.6
6007,2023-02-02,178.58
6008,2023-02-03,178.56
6009,2023-02-04,178.54
6010,2023-02-05,178.52
6011,2023-02-06,178.49
6012,2023-02-07,178.47
6013,2023-02-08,178.45
6014,2023-02-09,178.44
6015,2023-02-10,178.42
6016,2023-02-11,178.4
6017,2023-02-12,178.38
6018,2023-02-13,178.36
6019,2023-02-14,178.34
6020,2023-02-15,178.33
6021,2023-02-16,178.31
6022,2023-02-17,178.3
6023,2023-02-18,178.3
6024,2023-02-19,178.29
6025,2023-02-20,178.28
6026,2023-02-21,178.27
6027,2023-02-22,178.26
6028,2023-02-23,178.25
6029,2023-02-24,178.23
6030,2023-02-25,178.22
6031,2023-02-26,178.21
6032,2023-02-27,178.2
6033,2023-02-28,178.19
6034,2023-03-01,178.18
6035,2023-03-02,178.17
6036,2023-03-03,178.17
6037,2023-03-04,178.15
6038,2023-03-05,178.14
6039,2023-03-06,178.14
6040,2023-03-07,178.13
6041,2023-03-08,178.13
6042,2023-03-09,178.14
6043,2023-03-10,178.18
6044,2023-03-11,178.24
6045,2023-03-12,178.28
6046,2023-03-13,178.3
6047,2023-03-14,178.32
6048,2023-03-15,178.33
6049,2023-03-16,178.34
6050,2023-03-17,178.35
6051,2023-03-18,178.36
6052,2023-03-19,178.36
6053,2023-03-20,178.37
6054,2023-03-21,178.38
6055,2023-03-22,178.39
6056,2023-03-23,178.4
6057,2023-03-24,178.41
6058,2023-03-25,178.41
6059,2023-03-26,178.42
6060,2023-03-27,178.44
6061,2023-03-28,178.45
6062,2023-03-29,178.45
6063,2023-03-30,178.46
6064,2023-03-31,178.46
6065,2023-04-01,178.47
6066,2023-04-02,178.49
6067,2023-04-03,178.51
6068,2023-04-04,178.55
6069,2023-04-05,178.57
6070,2023-04-06,178.58
6071,2023-04-07,178.58
6072,2023-04-08,178.57
6073,2023-04-09,178.56
6074,2023-04-10,178.56
6075,2023-04-11,178.56
6076,2023-04-12,178.56
6077,2023-04-13,178.59
6078,2023-04-14,178.62
6079,2023-04-15,178.65
6080,2023-04-16,178.67
6081,2023-04-17,178.68
6082,2023-04-18,178.68
6083,2023-04-19,178.68
6084,2023-04-20,178.67
6085,2023-04-21,178.66
6086,2023-04-22,178.65
6087,2023-04-23,178.65
6088,2023-04-24,178.65
6089,2023-04-25,178.65
6090,2023-04-26,178.64
6091,2023-04-27,178.64
6092,2023-04-28,178.63
6093,2023-04-29,178.62
6094,2023-04-30,178.61
6095,2023-05-01,178.6
6096,2023-05-02,178.59
6097,2023-05-03,178.58
6098,2023-05-04,178.57
6099,2023-05-05,178.57
6100,2023-05-06,178.56
6101,2023-05-07,178.55
6102,2023-05-08,178.54
6103,2023-05-09,178.54
6104,2023-05-10,178.55
6105,2023-05-11,178.6
6106,2023-05-12,178.7
6107,2023-05-13,178.73
6108,2023-05-14,178.73
6109,2023-05-15,178.73
6110,2023-05-16,178.73
6111,2023-05-17,178.72
6112,2023-05-18,178.72
6113,2023-05-19,178.72
6114,2023-05-20,178.71
6115,2023-05-21,178.71
6116,2023-05-22,178.7
6117,2023-05-23,178.69
6118,2023-05-24,178.69
6119,2023-05-25,178.68
6120,2023-05-26,178.67
6121,2023-05-27,178.66
6122,2023-05-28,178.66
6123,2023-05-29,178.65
6124,2023-05-30,178.64
6125,2023-05-31,178.63
6126,2023-06-01,178.62
6127,2023-06-02,178.61
6128,2023-06-03,178.6
6129,2023-06-04,178.59
6130,2023-06-05,178.58
6131,2023-06-06,178.57
6132,2023-06-07,178.56
6133,2023-06-08,178.56
6134,2023-06-09,178.55
6135,2023-06-10,178.54
6136,2023-06-11,178.53
6137,2023-06-12,178.53
6138,2023-06-13,178.51
6139,2023-06-14,178.5
6140,2023-06-15,178.49
6141,2023-06-16,178.48
6142,2023-06-17,178.47
6143,2023-06-18,178.46
6144,2023-06-19,178.46
6145,2023-06-20,178.46
6146,2023-06-21,178.47
6147,2023-06-22,178.46
6148,2023-06-23,178.53
6149,2023-06-24,178.6
6150,2023-06-25,178.6
6151,2023-06-26,178.59
6152,2023-06-27,178.57
6153,2023-06-28,178.56
6154,2023-06-29,178.55
6155,2023-06-30,178.53
6156,2023-07-01,178.53
6157,2023-07-02,178.51
6158,2023-07-03,178.5
6159,2023-07-04,178.49
6160,2023-07-05,178.48
6161,2023-07-06,178.46
6162,2023-07-07,178.45
6163,2023-07-08,178.44
6164,2023-07-09,178.43
6165,2023-07-10,178.41
6166,2023-07-11,178.4
6167,2023-07-12,178.39
6168,2023-07-13,178.38
6169,2023-07-14,178.37
6170,2023-07-15,178.36
6171,2023-07-16,178.35
6172,2023-07-17,178.34
6173,2023-07-18,178.33
6174,2023-07-19,178.33
6175,2023-07-20,178.33
6176,2023-07-21,178.32
6177,2023-07-22,178.3
6178,2023-07-23,178.29
6179,2023-07-24,178.28
6180,2023-07-25,178.27
6181,2023-07-26,178.28
6182,2023-07-27,178.28
6183,2023-07-28,178.28
6184,2023-07-29,178.27
6185,2023-07-30,178.26
6186,2023-07-31,178.25
6187,2023-08-01,178.24
6188,2023-08-02,178.26
6189,2023-08-03,178.39
6190,2023-08-04,178.61
6191,2023-08-05,178.67
6192,2023-08-06,178.68
6193,2023-08-07,178.69
6194,2023-08-08,178.69
6195,2023-08-09,178.69
6196,2023-08-10,178.68
6197,2023-08-11,178.67
6198,2023-08-12,178.65
6199,2023-08-13,178.64
6200,2023-08-14,178.62
6201,2023-08-15,178.61
6202,2023-08-16,178.59
6203,2023-08-17,178.58
6204,2023-08-18,178.56
6205,2023-08-19,178.55
6206,2023-08-20,178.53
6207,2023-08-21,178.52
6208,2023-08-22,178.5
6209,2023-08-23,178.49
6210,2023-08-24,178.48
6211,2023-08-25,178.49
6212,2023-08-26,178.48
6213,2023-08-27,178.47
6214,2023-08-28,178.45
6215,2023-08-29,178.43
6216,2023-08-30,178.41
6217,2023-08-31,178.39
6218,2023-09-01,178.37
6219,2023-09-02,178.35
6220,2023-09-03,178.34
6221,2023-09-04,178.32
6222,2023-09-05,178.31
6223,2023-09-06,178.29
6224,2023-09-07,178.27
6225,2023-09-08,178.26
6226,2023-09-09,178.24
6227,2023-09-10,178.23
6228,2023-09-11,178.21
6229,2023-09-12,178.2
6230,2023-09-13,178.19
6231,2023-09-14,178.17
6232,2023-09-15,178.16
6233,2023-09-16,178.15
6234,2023-09-17,178.14
6235,2023-09-18,178.13
6236,2023-09-19,178.13
6237,2023-09-20,178.12
6238,2023-09-21,178.12
6239,2023-09-22,178.13
6240,2023-09-23,178.17
6241,2023-09-24,178.18
6242,2023-09-25,178.19
6243,2023-09-26,178.2
6244,2023-09-27,178.21
6245,2023-09-28,178.21
6246,2023-09-29,178.21
6247,2023-09-30,178.2
6248,2023-10-01,178.19
6249,2023-10-02,178.18
6250,2023-10-03,178.17
6251,2023-10-04,178.16
6252,2023-10-05,178.16
6253,2023-10-06,178.15
6254,2023-10-07,178.15
6255,2023-10-08,178.15
6256,2023-10-09,178.14
6257,2023-10-10,178.13
6258,2023-10-11,178.13
6259,2023-10-12,178.12
6260,2023-10-13,178.11
6261,2023-10-14,178.1
6262,2023-10-15,178.09
6263,2023-10-16,178.08
6264,2023-10-17,178.08
6265,2023-10-18,178.07
6266,2023-10-19,178.07
6267,2023-10-20,178.07
6268,2023-10-21,178.09
6269,2023-10-22,178.11
6270,2023-10-23,178.13
6271,2023-10-24,178.14
6272,2023-10-25,178.16
6273,2023-10-26,178.19
6274,2023-10-27,178.25
6275,2023-10-28,178.58
6276,2023-10-29,178.66
6277,2023-10-30,178.67
6278,2023-10-31,178.69
6279,2023-11-01,178.69
6280,2023-11-02,178.69
6281,2023-11-03,178.69
6282,2023-11-04,178.69
6283,2023-11-05,178.69
6284,2023-11-06,178.69
6285,2023-11-07,178.69
6286,2023-11-08,178.7
6287,2023-11-09,178.7
6288,2023-11-10,178.72
6289,2023-11-11,178.73
6290,2023-11-12,178.73
6291,2023-11-13,178.73
6292,2023-11-14,178.72
6293,2023-11-15,178.73
6294,2023-11-16,178.73
6295,2023-11-17,178.75
6296,2023-11-18,178.77
6297,2023-11-19,178.79
6298,2023-11-20,178.8
6299,2023-11-21,178.8
6300,2023-11-22,178.79
6301,2023-11-23,178.78
6302,2023-11-24,178.78
6303,2023-11-25,178.77
6304,2023-11-26,178.76
6305,2023-11-27,178.75
6306,2023-11-28,178.75
6307,2023-11-29,178.75
6308,2023-11-30,178.74
6309,2023-12-01,178.74
0,2023-12-02,178.73
1,2023-12-03,178.72
